1,18.8,18.8,18.8,true
2,18.8,18.8,18.8,true
3,18.8,18.8,18.8,true
4,18.8,18.8,18.8,false
5,18.8,18.8,18.8,false
6,18.8,18.8,18.8,false
7,18.8,18.8,18.8,false
8,18.8,18.8,18.8,false
9,18.8,18.8,18.8,true
10,18.8,18.8,18.8,false
11,18.8,18.8,18.8,false
12,18.8,18.8,18.8,false
13,18.8,18.8,18.8,false
14,18.8,18.8,18.8,false
15,18.7,18.7,18.7,true
16,21.700849667068344,18.7,18.7,true
17,21.66563585461695,21.66563585461695,18.7,false
18,21.594325650755696,18.7,18.7,true
19,21.757913869147117,21.757913869147117,18.7,false
20,21.692147146826017,21.692147146826017,18.7,false
21,21.737719745170093,21.737719745170093,18.7,false
22,21.69151213623896,21.69151213623896,18.7,false
23,21.633787654431213,21.633787654431213,18.7,false
24,21.629846539259177,21.629846539259177,18.7,false
25,21.720880978403176,21.720880978403176,18.7,false
26,21.50467978230344,21.50467978230344,18.6,false
27,21.57059438785341,21.57059438785341,18.6,false
28,21.464861971653335,21.464861971653335,18.6,false
29,21.700836767260814,21.700836767260814,18.6,false
30,21.500325054500337,21.500325054500337,18.6,false
31,21.602450504278334,18.6,18.6,true
32,21.60407676301139,21.60407676301139,18.6,false
33,21.587520913730128,21.587520913730128,18.5,false
34,21.34838021300411,18.5,18.5,true
35,21.522584025477233,21.522584025477233,18.5,false
36,21.24899788446089,18.5,18.5,true
37,21.61514589514903,21.61514589514903,18.5,false
38,21.502653563149934,21.502653563149934,18.5,false
39,21.527085514410512,21.527085514410512,18.5,false
40,21.430125151009292,21.430125151009292,18.5,false
41,21.504428837785525,21.504428837785525,18.5,false
42,21.481560219416185,21.481560219416185,18.5,false
43,21.44736380675082,21.44736380675082,18.4,false
44,21.404032505627693,21.404032505627693,18.4,false
45,21.36698606776367,21.36698606776367,18.4,false
46,21.32421741332503,21.32421741332503,18.4,false
47,21.277531684475154,21.277531684475154,18.4,false
48,21.427103832953005,21.427103832953005,18.4,false
49,21.330516073738902,18.4,18.4,true
50,21.182324251938454,21.182324251938454,18.4,false
51,21.226374168393114,21.226374168393114,18.4,false
52,21.458972201683945,21.458972201683945,18.4,false
53,21.204998049159872,21.204998049159872,18.4,false
54,21.458517106150513,18.4,18.4,true
55,21.270310647120585,21.270310647120585,18.4,false
56,21.072051869140633,18.4,18.4,true
57,21.38828506244817,21.38828506244817,18.4,false
58,21.465497552036524,21.465497552036524,18.4,false
59,21.619110834570574,21.619110834570574,18.4,false
60,21.257738400542948,21.257738400542948,18.3,false
61,21.536071958921784,21.536071958921784,18.3,false
62,21.288388503787075,18.3,18.3,true
63,21.32182707966139,21.32182707966139,18.3,false
64,21.54391776317593,18.3,18.3,true
65,21.328945908890418,21.328945908890418,18.3,false
66,21.32587627047801,21.32587627047801,18.3,false
67,21.36198140112789,21.36198140112789,18.3,false
68,21.27363364949538,18.3,18.3,true
69,21.304469748398066,21.304469748398066,18.3,false
70,21.391480953270218,18.3,18.3,true
71,21.50502514609977,21.50502514609977,18.3,false
72,21.325530114811386,21.325530114811386,18.3,false
73,21.19859929541234,21.19859929541234,18.3,false
74,21.26061863060147,21.26061863060147,18.3,false
75,21.3960207763612,18.3,18.3,true
76,21.41291729812985,21.41291729812985,18.3,false
77,21.14962391085316,18.2,18.2,true
78,21.326509996240446,21.326509996240446,18.2,false
79,21.315680181240932,21.315680181240932,18.2,false
80,21.020442307617646,18.2,18.2,true
81,21.12619674076178,18.2,18.2,true
82,21.47103615357622,18.2,18.2,true
83,21.05445370342736,18.2,18.2,true
84,21.18088561901991,21.18088561901991,18.2,false
85,21.203765260671137,21.203765260671137,18.2,false
86,21.23260439481971,21.23260439481971,18.2,false
87,21.250087380355318,21.250087380355318,18.2,false
88,21.2498118253819,21.2498118253819,18.2,false
89,21.19388622375493,18.1,18.1,true
90,21.27507991603854,21.27507991603854,18.1,false
91,21.10423650246125,21.10423650246125,18.1,false
92,21.14202146273311,21.14202146273311,18.1,false
93,21.1151069841504,21.1151069841504,18.1,false
94,21.099368257479743,18.1,18.1,true
95,21.197016637247113,21.197016637247113,18.1,false
96,21.162520055128837,21.162520055128837,18.1,false
97,21.249267666270477,21.249267666270477,18.1,false
98,21.03334955944883,18.1,18.1,true
99,21.092981484515946,21.092981484515946,18.1,false
100,21.08131913978406,21.08131913978406,18.1,false
101,20.881831084397433,20.881831084397433,18.1,false
102,21.029719138605387,21.029719138605387,18.0,false
103,21.005796988066873,21.005796988066873,18.0,false
104,21.077595867005755,21.077595867005755,18.0,false
105,20.881409613957732,20.881409613957732,18.0,false
106,21.07552226863695,18.0,18.0,true
107,21.11650070201749,21.11650070201749,18.0,false
108,21.09826153355504,21.09826153355504,18.0,false
109,20.99724638242456,20.99724638242456,18.0,false
110,21.103166352120205,21.103166352120205,18.0,false
111,21.03316351711169,21.03316351711169,18.0,false
112,21.278647554294935,21.278647554294935,18.0,false
113,20.900964475593362,20.900964475593362,17.9,false
114,20.783470559958907,20.783470559958907,17.9,false
115,20.931577505614552,20.931577505614552,17.9,false
116,20.906396708121374,20.906396708121374,18.0,false
117,20.805947377760383,20.805947377760383,17.9,false
118,21.051817015493253,21.051817015493253,17.9,false
119,20.92530238318659,20.92530238318659,17.9,false
120,20.970878832331614,20.970878832331614,17.9,false
121,20.851580796625857,20.851580796625857,17.9,false
122,20.947008462017862,20.947008462017862,17.9,false
123,20.882205244037667,17.9,17.9,true
124,20.857995892626022,20.857995892626022,17.9,false
125,20.954635931399757,20.954635931399757,17.9,false
126,20.724560201536946,20.724560201536946,17.9,false
127,20.96244507424127,17.9,17.9,true
128,20.88500193087623,17.9,17.9,true
129,20.833639985010716,20.833639985010716,17.9,false
130,20.92446596463474,20.92446596463474,17.9,false
131,20.874113399364184,20.874113399364184,17.9,false
132,20.88896058581878,17.9,17.9,true
133,20.724859590386266,17.8,17.8,true
134,20.89202768840124,17.8,17.8,true
135,20.874091616217484,20.874091616217484,17.8,false
136,20.91042587203329,17.8,17.8,true
137,20.96211108414496,17.8,17.8,true
138,20.718172963723713,20.718172963723713,17.8,false
139,20.839504216574824,20.839504216574824,17.8,false
140,20.87507304473762,17.8,17.8,true
141,20.778433534521316,20.778433534521316,17.8,false
142,20.639628813499176,20.639628813499176,17.8,false
143,20.947951553053183,20.947951553053183,17.8,false
144,20.85847172948263,20.85847172948263,17.8,false
145,17.8,17.8,17.8,false
146,17.8,17.8,17.8,true
147,17.8,17.8,17.8,false
148,17.8,17.8,17.8,false
149,17.8,17.8,17.8,true
150,17.8,17.8,17.8,true
151,17.7,17.7,17.7,false
152,17.7,17.7,17.7,false
153,17.7,17.7,17.7,false
154,17.7,17.7,17.7,false
155,17.7,17.7,17.7,false
156,17.7,17.7,17.7,false
157,17.7,17.7,17.7,true
158,17.7,17.7,17.7,false
159,17.7,17.7,17.7,false
160,17.7,17.7,17.7,false
161,17.7,17.7,17.7,false
162,17.7,17.7,17.7,true
163,17.7,17.7,17.7,false
164,17.7,17.7,17.7,false
165,17.7,17.7,17.7,false
166,17.7,17.7,17.7,false
167,17.7,17.7,17.7,false
168,17.7,17.7,17.7,false
169,17.7,17.7,17.7,false
170,17.7,17.7,17.7,false
171,17.7,17.7,17.7,false
172,17.7,17.7,17.7,false
173,17.7,17.7,17.7,false
174,17.7,17.7,17.7,false
175,17.7,17.7,17.7,false
176,17.7,17.7,17.7,false
177,17.7,17.7,17.7,true
178,17.7,17.7,17.7,false
179,17.6,17.6,17.6,false
180,17.6,17.6,17.6,false
181,17.6,17.6,17.6,false
182,17.6,17.6,17.6,false
183,17.6,17.6,17.6,false
184,17.6,17.6,17.6,false
185,17.6,17.6,17.6,false
186,17.6,17.6,17.6,true
187,17.6,17.6,17.6,false
188,17.6,17.6,17.6,false
189,17.6,17.6,17.6,false
190,17.6,17.6,17.6,false
191,17.6,17.6,17.6,false
192,17.6,17.6,17.6,false
193,17.6,17.6,17.6,false
194,17.6,17.6,17.6,false
195,17.6,17.6,17.6,false
196,17.6,17.6,17.6,false
197,17.6,17.6,17.6,true
198,17.6,17.6,17.6,false
199,17.6,17.6,17.6,false
200,17.6,17.6,17.6,false
201,17.6,17.6,17.6,false
202,17.6,17.6,17.6,false
203,17.5,17.5,17.5,false
204,17.5,17.5,17.5,false
205,17.5,17.5,17.5,false
206,17.5,17.5,17.5,false
207,17.5,17.5,17.5,false
208,17.5,17.5,17.5,false
209,17.5,17.5,17.5,false
210,17.5,17.5,17.5,false
211,17.6,17.6,17.6,true
212,17.6,17.6,17.6,false
213,17.7,17.7,17.7,false
214,17.8,17.8,17.8,true
215,17.8,17.8,17.8,true
216,17.8,17.8,17.8,false
217,17.8,17.8,17.8,true
218,17.9,17.9,17.9,false
219,17.9,17.9,17.9,false
220,17.9,17.9,17.9,false
221,17.9,17.9,17.9,false
222,17.9,17.9,17.9,false
223,17.9,17.9,17.9,false
224,18.0,18.0,18.0,false
225,18.0,18.0,18.0,false
226,18.0,18.0,18.0,false
227,18.0,18.0,18.0,false
228,18.0,18.0,18.0,false
229,18.0,18.0,18.0,false
230,18.0,18.0,18.0,false
231,18.0,18.0,18.0,true
232,18.0,18.0,18.0,false
233,18.0,18.0,18.0,false
234,18.1,18.1,18.1,true
235,18.2,18.2,18.2,true
236,18.2,18.2,18.2,false
237,18.3,18.3,18.3,false
238,18.4,18.4,18.4,false
239,18.5,18.5,18.5,false
240,18.6,18.6,18.6,true
241,18.6,18.6,18.6,false
242,18.6,18.6,18.6,false
243,18.8,18.8,18.8,false
244,18.9,18.9,18.9,false
245,18.9,18.9,18.9,false
246,18.9,18.9,18.9,false
247,18.9,18.9,18.9,false
248,18.9,18.9,18.9,true
249,18.9,18.9,18.9,false
250,19.0,19.0,19.0,false
251,19.2,19.2,19.2,false
252,19.2,19.2,19.2,false
253,19.2,19.2,19.2,false
254,19.2,19.2,19.2,false
255,19.3,19.3,19.3,false
256,19.3,19.3,19.3,false
257,19.4,19.4,19.4,false
258,19.4,19.4,19.4,true
259,19.4,19.4,19.4,false
260,19.5,19.5,19.5,false
261,19.5,19.5,19.5,false
262,19.6,19.6,19.6,true
263,19.7,19.7,19.7,false
264,19.8,19.8,19.8,false
265,19.8,19.8,19.8,false
266,19.8,19.8,19.8,false
267,19.9,19.9,19.9,true
268,20.0,20.0,20.0,false
269,20.0,20.0,20.0,false
270,20.0,20.0,20.0,false
271,20.3,20.3,20.3,true
272,20.3,20.3,20.3,false
273,20.5,20.5,20.5,false
274,20.6,20.6,20.6,false
275,20.6,20.6,20.6,false
276,20.7,20.7,20.7,false
277,20.7,20.7,20.7,false
278,20.8,20.8,20.8,false
279,20.8,20.8,20.8,false
280,20.9,20.9,20.9,false
281,21.0,21.0,21.0,false
282,21.2,21.2,21.2,false
283,21.2,21.2,21.2,false
284,21.3,21.3,21.3,true
285,21.3,21.3,21.3,false
286,21.3,21.3,21.3,false
287,21.3,21.3,21.3,false
288,21.3,21.3,21.3,false
289,21.3,21.3,21.3,false
290,21.4,21.4,21.4,false
291,21.4,21.4,21.4,false
292,21.4,21.4,21.4,false
293,21.5,21.5,21.5,true
294,21.5,21.5,21.5,true
295,21.5,21.5,21.5,false
296,21.5,21.5,21.5,false
297,21.5,21.5,21.5,false
298,21.7,21.7,21.7,false
299,21.7,21.7,21.7,false
300,21.7,21.7,21.7,false
301,21.8,21.8,21.8,false
302,21.8,21.8,21.8,true
303,21.8,21.8,21.8,false
304,21.9,21.9,21.9,true
305,21.9,21.9,21.9,true
306,21.9,21.9,21.9,false
307,22.0,22.0,22.0,false
308,22.0,22.0,22.0,false
309,22.1,22.1,22.1,false
310,22.1,22.1,22.1,false
311,22.1,22.1,22.1,true
312,22.1,22.1,22.1,false
313,22.1,22.1,22.1,false
314,22.1,22.1,22.1,false
315,22.1,22.1,22.1,false
316,22.2,22.2,22.2,false
317,22.2,22.2,22.2,false
318,22.2,22.2,22.2,false
319,22.3,22.3,22.3,false
320,22.4,22.4,22.4,true
321,22.5,22.5,22.5,false
322,22.5,22.5,22.5,false
323,22.5,22.5,22.5,false
324,22.5,22.5,22.5,false
325,22.6,22.6,22.6,false
326,22.7,22.7,22.7,false
327,22.7,22.7,22.7,false
328,22.6,22.6,22.6,false
329,22.6,22.6,22.6,false
330,22.7,22.7,22.7,false
331,22.7,22.7,22.7,true
332,22.8,22.8,22.8,false
333,22.8,22.8,22.8,false
334,22.7,22.7,22.7,false
335,22.8,22.8,22.8,false
336,22.8,22.8,22.8,false
337,22.8,22.8,22.8,true
338,22.8,22.8,22.8,false
339,22.8,22.8,22.8,false
340,22.9,22.9,22.9,false
341,22.9,22.9,22.9,false
342,23.0,23.0,23.0,false
343,23.0,23.0,23.0,false
344,23.0,23.0,23.0,true
345,23.1,23.1,23.1,false
346,23.1,23.1,23.1,false
347,23.1,23.1,23.1,false
348,23.1,23.1,23.1,false
349,23.1,23.1,23.1,true
350,23.2,23.2,23.2,false
351,23.3,23.3,23.3,false
352,23.3,23.3,23.3,false
353,23.4,23.4,23.4,false
354,23.3,23.3,23.3,false
355,23.3,23.3,23.3,false
356,23.5,23.5,23.5,true
357,23.5,23.5,23.5,false
358,23.5,23.5,23.5,false
359,23.5,23.5,23.5,false
360,23.6,23.6,23.6,false
361,23.7,23.7,23.7,true
362,23.7,23.7,23.7,true
363,23.7,23.7,23.7,false
364,23.7,23.7,23.7,true
365,23.7,23.7,23.7,false
366,23.7,23.7,23.7,false
367,23.7,23.7,23.7,true
368,23.8,23.8,23.8,false
369,23.8,23.8,23.8,false
370,23.9,23.9,23.9,false
371,23.9,23.9,23.9,true
372,23.9,23.9,23.9,false
373,23.9,23.9,23.9,false
374,23.9,23.9,23.9,true
375,24.0,24.0,24.0,false
376,24.0,24.0,24.0,false
377,24.0,24.0,24.0,true
378,24.0,24.0,24.0,true
379,24.0,24.0,24.0,false
380,24.1,24.1,24.1,true
381,24.1,24.1,24.1,false
382,24.2,24.2,24.2,false
383,24.2,24.2,24.2,false
384,24.1,24.1,24.1,false
385,24.2,24.2,24.2,false
386,24.3,24.3,24.3,true
387,24.4,24.4,24.4,false
388,24.3,24.3,24.3,false
389,24.3,24.3,24.3,false
390,24.3,24.3,24.3,true
391,24.4,24.4,24.4,false
392,24.5,24.5,24.5,false
393,24.5,24.5,24.5,false
394,24.4,24.4,24.4,false
395,24.4,24.4,24.4,false
396,24.4,24.4,24.4,false
397,24.4,24.4,24.4,false
398,24.4,24.4,24.4,true
399,24.4,24.4,24.4,true
400,24.3,24.3,24.3,true
401,24.3,24.3,24.3,false
402,24.5,24.5,24.5,false
403,24.5,24.5,24.5,false
404,24.5,24.5,24.5,true
405,24.6,24.6,24.6,false
406,24.6,24.6,24.6,false
407,24.6,24.6,24.6,false
408,24.6,24.6,24.6,false
409,24.6,24.6,24.6,false
410,24.4,24.4,24.4,false
411,24.4,24.4,24.4,false
412,24.5,24.5,24.5,false
413,24.4,24.4,24.4,false
414,24.5,24.5,24.5,false
415,24.4,24.4,24.4,false
416,24.3,24.3,24.3,true
417,24.3,24.3,24.3,false
418,24.3,24.3,24.3,false
419,24.3,24.3,24.3,true
420,24.2,24.2,24.2,false
421,24.2,24.2,24.2,true
422,24.3,24.3,24.3,false
423,24.2,24.2,24.2,false
424,24.3,24.3,24.3,false
425,24.3,24.3,24.3,false
426,24.3,24.3,24.3,false
427,24.4,24.4,24.4,false
428,24.4,24.4,24.4,false
429,24.4,24.4,24.4,false
430,24.4,24.4,24.4,false
431,24.4,24.4,24.4,false
432,24.4,24.4,24.4,false
433,24.4,24.4,24.4,false
434,24.4,24.4,24.4,false
435,24.4,24.4,24.4,false
436,24.4,24.4,24.4,false
437,24.5,24.5,24.5,false
438,24.5,24.5,24.5,false
439,24.6,24.6,24.6,false
440,24.6,24.6,24.6,false
441,24.6,24.6,24.6,false
442,24.6,24.6,24.6,true
443,24.7,24.7,24.7,false
444,24.7,24.7,24.7,false
445,24.7,24.7,24.7,false
446,24.6,24.6,24.6,true
447,24.6,24.6,24.6,false
448,24.6,24.6,24.6,false
449,24.6,24.6,24.6,false
450,24.6,24.6,24.6,true
451,24.6,24.6,24.6,false
452,24.6,24.6,24.6,true
453,24.5,24.5,24.5,true
454,24.5,24.5,24.5,false
455,24.6,24.6,24.6,false
456,24.5,24.5,24.5,false
457,24.5,24.5,24.5,false
458,24.5,24.5,24.5,false
459,24.6,24.6,24.6,false
460,24.6,24.6,24.6,false
461,24.6,24.6,24.6,false
462,24.6,24.6,24.6,false
463,24.6,24.6,24.6,false
464,24.6,24.6,24.6,false
465,24.7,24.7,24.7,true
466,24.7,24.7,24.7,true
467,24.7,24.7,24.7,false
468,24.7,24.7,24.7,false
469,24.7,24.7,24.7,true
470,24.7,24.7,24.7,true
471,24.7,24.7,24.7,false
472,24.6,24.6,24.6,true
473,24.6,24.6,24.6,true
474,24.6,24.6,24.6,false
475,24.6,24.6,24.6,true
476,24.6,24.6,24.6,true
477,24.6,24.6,24.6,true
478,24.6,24.6,24.6,false
479,24.7,24.7,24.7,false
480,24.7,24.7,24.7,false
481,24.7,24.7,24.7,false
482,24.7,24.7,24.7,false
483,24.8,24.8,24.8,false
484,24.8,24.8,24.8,false
485,24.8,24.8,24.8,false
486,24.8,24.8,24.8,false
487,24.8,24.8,24.8,false
488,24.8,24.8,24.8,true
489,24.7,24.7,24.7,true
490,24.8,24.8,24.8,false
491,24.8,24.8,24.8,false
492,24.8,24.8,24.8,false
493,24.8,24.8,24.8,false
494,24.8,24.8,24.8,false
495,24.7,24.7,24.7,false
496,24.7,24.7,24.7,false
497,24.7,24.7,24.7,false
498,24.6,24.6,24.6,true
499,24.6,24.6,24.6,false
500,24.6,24.6,24.6,false
501,24.7,24.7,24.7,false
502,24.7,24.7,24.7,true
503,24.7,24.7,24.7,false
504,24.8,24.8,24.8,false
505,24.8,24.8,24.8,false
506,24.7,24.7,24.7,false
507,24.7,24.7,24.7,true
508,24.7,24.7,24.7,false
509,24.7,24.7,24.7,false
510,24.7,24.7,24.7,false
511,24.7,24.7,24.7,false
512,24.8,24.8,24.8,false
513,24.8,24.8,24.8,false
514,24.8,24.8,24.8,false
515,24.8,24.8,24.8,false
516,24.8,24.8,24.8,false
517,24.9,24.9,24.9,false
518,24.9,24.9,24.9,false
519,24.8,24.8,24.8,false
520,24.8,24.8,24.8,false
521,24.8,24.8,24.8,true
522,24.7,24.7,24.7,false
523,24.7,24.7,24.7,false
524,24.7,24.7,24.7,true
525,24.7,24.7,24.7,true
526,24.7,24.7,24.7,false
527,24.7,24.7,24.7,false
528,24.7,24.7,24.7,false
529,24.7,24.7,24.7,false
530,24.9,24.9,24.9,false
531,24.9,24.9,24.9,false
532,24.9,24.9,24.9,false
533,24.9,24.9,24.9,false
534,24.9,24.9,24.9,false
535,24.9,24.9,24.9,false
536,25.0,25.0,25.0,false
537,25.0,25.0,25.0,false
538,24.9,24.9,24.9,false
539,24.8,24.8,24.8,false
540,24.8,24.8,24.8,false
541,24.8,24.8,24.8,false
542,24.7,24.7,24.7,false
543,24.7,24.7,24.7,false
544,24.7,24.7,24.7,true
545,24.7,24.7,24.7,false
546,24.8,24.8,24.8,false
547,24.8,24.8,24.8,false
548,24.8,24.8,24.8,true
549,24.8,24.8,24.8,false
550,24.8,24.8,24.8,true
551,24.8,24.8,24.8,false
552,24.9,24.9,24.9,false
553,24.8,24.8,24.8,true
554,24.7,24.7,24.7,false
555,24.7,24.7,24.7,true
556,24.7,24.7,24.7,false
557,24.7,24.7,24.7,true
558,24.8,24.8,24.8,false
559,24.8,24.8,24.8,false
560,24.9,24.9,24.9,false
561,25.0,25.0,25.0,false
562,25.0,25.0,25.0,true
563,25.0,25.0,25.0,false
564,25.0,25.0,25.0,true
565,24.9,24.9,24.9,true
566,24.7,24.7,24.7,false
567,24.5,24.5,24.5,false
568,24.5,24.5,24.5,false
569,24.5,24.5,24.5,false
570,24.5,24.5,24.5,false
571,24.4,24.4,24.4,false
572,24.3,24.3,24.3,false
573,24.2,24.2,24.2,false
574,24.1,24.1,24.1,true
575,24.0,24.0,24.0,false
576,24.0,24.0,24.0,true
577,24.0,24.0,24.0,false
578,24.0,24.0,24.0,false
579,24.0,24.0,24.0,false
580,23.9,23.9,23.9,true
581,23.8,23.8,23.8,true
582,23.8,23.8,23.8,false
583,23.9,23.9,23.9,false
584,23.9,23.9,23.9,false
585,23.9,23.9,23.9,false
586,23.9,23.9,23.9,false
587,23.8,23.8,23.8,false
588,23.7,23.7,23.7,false
589,23.8,23.8,23.8,false
590,23.8,23.8,23.8,true
591,23.8,23.8,23.8,false
592,23.8,23.8,23.8,true
593,23.8,23.8,23.8,false
594,23.8,23.8,23.8,false
595,23.8,23.8,23.8,false
596,23.8,23.8,23.8,false
597,23.8,23.8,23.8,false
598,23.8,23.8,23.8,false
599,23.7,23.7,23.7,false
600,23.7,23.7,23.7,true
601,23.7,23.7,23.7,false
602,23.7,23.7,23.7,false
603,23.7,23.7,23.7,true
604,23.6,23.6,23.6,false
605,23.7,23.7,23.7,false
606,23.8,23.8,23.8,false
607,23.8,23.8,23.8,false
608,23.8,23.8,23.8,true
609,23.8,23.8,23.8,false
610,23.8,23.8,23.8,false
611,23.7,23.7,23.7,true
612,23.7,23.7,23.7,false
613,23.7,23.7,23.7,false
614,23.7,23.7,23.7,true
615,23.7,23.7,23.7,false
616,23.8,23.8,23.8,false
617,23.8,23.8,23.8,false
618,23.8,23.8,23.8,false
619,23.7,23.7,23.7,true
620,23.7,23.7,23.7,true
621,23.6,23.6,23.6,false
622,23.6,23.6,23.6,false
623,23.6,23.6,23.6,false
624,23.7,23.7,23.7,true
625,23.7,23.7,23.7,false
626,23.7,23.7,23.7,false
627,23.7,23.7,23.7,false
628,23.6,23.6,23.6,false
629,23.6,23.6,23.6,false
630,23.6,23.6,23.6,true
631,23.6,23.6,23.6,false
632,23.7,23.7,23.7,true
633,23.7,23.7,23.7,true
634,23.7,23.7,23.7,false
635,23.7,23.7,23.7,false
636,23.7,23.7,23.7,false
637,23.6,23.6,23.6,false
638,23.5,23.5,23.5,false
639,23.5,23.5,23.5,false
640,23.5,23.5,23.5,false
641,23.4,23.4,23.4,true
642,23.4,23.4,23.4,false
643,23.4,23.4,23.4,false
644,23.4,23.4,23.4,false
645,23.4,23.4,23.4,false
646,23.5,23.5,23.5,false
647,23.5,23.5,23.5,true
648,23.4,23.4,23.4,true
649,23.4,23.4,23.4,false
650,23.4,23.4,23.4,false
651,23.4,23.4,23.4,true
652,23.3,23.3,23.3,false
653,23.3,23.3,23.3,true
654,23.3,23.3,23.3,false
655,23.3,23.3,23.3,false
656,23.3,23.3,23.3,false
657,23.3,23.3,23.3,false
658,23.3,23.3,23.3,false
659,23.3,23.3,23.3,true
660,23.3,23.3,23.3,false
661,23.2,23.2,23.2,false
662,23.2,23.2,23.2,false
663,23.2,23.2,23.2,false
664,23.2,23.2,23.2,false
665,23.2,23.2,23.2,false
666,23.2,23.2,23.2,false
667,23.2,23.2,23.2,false
668,23.2,23.2,23.2,true
669,23.1,23.1,23.1,false
670,23.1,23.1,23.1,false
671,23.1,23.1,23.1,false
672,23.1,23.1,23.1,false
673,23.0,23.0,23.0,false
674,23.0,23.0,23.0,false
675,23.0,23.0,23.0,true
676,23.0,23.0,23.0,true
677,23.0,23.0,23.0,true
678,22.9,22.9,22.9,false
679,22.9,22.9,22.9,false
680,22.9,22.9,22.9,false
681,22.8,22.8,22.8,false
682,22.8,22.8,22.8,true
683,22.9,22.9,22.9,false
684,22.8,22.8,22.8,true
685,22.8,22.8,22.8,false
686,22.8,22.8,22.8,false
687,22.8,22.8,22.8,false
688,22.8,22.8,22.8,false
689,22.8,22.8,22.8,false
690,22.8,22.8,22.8,false
691,22.8,22.8,22.8,true
692,22.8,22.8,22.8,false
693,22.8,22.8,22.8,false
694,22.7,22.7,22.7,false
695,22.7,22.7,22.7,false
696,22.7,22.7,22.7,false
697,22.7,22.7,22.7,false
698,22.7,22.7,22.7,false
699,22.7,22.7,22.7,false
700,22.6,22.6,22.6,false
701,22.6,22.6,22.6,false
702,22.6,22.6,22.6,false
703,22.6,22.6,22.6,false
704,22.5,22.5,22.5,false
705,22.5,22.5,22.5,false
706,22.5,22.5,22.5,false
707,22.5,22.5,22.5,false
708,22.5,22.5,22.5,false
709,22.5,22.5,22.5,false
710,22.5,22.5,22.5,false
711,22.5,22.5,22.5,true
712,22.5,22.5,22.5,true
713,22.5,22.5,22.5,true
714,22.5,22.5,22.5,false
715,22.5,22.5,22.5,true
716,22.5,22.5,22.5,false
717,22.5,22.5,22.5,false
718,22.4,22.4,22.4,false
719,22.4,22.4,22.4,false
720,22.4,22.4,22.4,false
721,22.4,22.4,22.4,true
722,22.3,22.3,22.3,true
723,22.3,22.3,22.3,true
724,22.3,22.3,22.3,false
725,22.3,22.3,22.3,false
726,22.3,22.3,22.3,false
727,22.3,22.3,22.3,false
728,22.2,22.2,22.2,false
729,22.2,22.2,22.2,false
730,22.2,22.2,22.2,false
731,22.2,22.2,22.2,false
732,22.2,22.2,22.2,false
733,22.2,22.2,22.2,true
734,22.2,22.2,22.2,true
735,22.2,22.2,22.2,false
736,22.2,22.2,22.2,false
737,22.2,22.2,22.2,true
738,22.1,22.1,22.1,false
739,22.1,22.1,22.1,true
740,22.1,22.1,22.1,false
741,22.1,22.1,22.1,true
742,22.0,22.0,22.0,false
743,22.0,22.0,22.0,true
744,22.0,22.0,22.0,false
745,22.0,22.0,22.0,true
746,22.0,22.0,22.0,false
747,22.0,22.0,22.0,false
748,22.0,22.0,22.0,false
749,22.0,22.0,22.0,false
750,22.0,22.0,22.0,false
751,22.0,22.0,22.0,false
752,22.0,22.0,22.0,false
753,21.9,21.9,21.9,false
754,21.9,21.9,21.9,true
755,21.9,21.9,21.9,false
756,21.8,21.8,21.8,true
757,21.9,21.9,21.9,false
758,21.8,21.8,21.8,false
759,21.8,21.8,21.8,false
760,21.8,21.8,21.8,false
761,21.8,21.8,21.8,true
762,21.8,21.8,21.8,false
763,21.8,21.8,21.8,false
764,21.8,21.8,21.8,true
765,21.8,21.8,21.8,false
766,21.8,21.8,21.8,false
767,21.8,21.8,21.8,false
768,21.8,21.8,21.8,false
769,21.8,21.8,21.8,false
770,21.8,21.8,21.8,true
771,21.8,21.8,21.8,true
772,21.8,21.8,21.8,false
773,21.8,21.8,21.8,false
774,21.8,21.8,21.8,false
775,21.7,21.7,21.7,false
776,21.7,21.7,21.7,false
777,21.7,21.7,21.7,true
778,21.7,21.7,21.7,false
779,21.7,21.7,21.7,false
780,21.7,21.7,21.7,false
781,21.7,21.7,21.7,false
782,21.7,21.7,21.7,false
783,21.6,21.6,21.6,false
784,21.6,21.6,21.6,false
785,21.5,21.5,21.5,false
786,21.5,21.5,21.5,false
787,21.5,21.5,21.5,true
788,21.5,21.5,21.5,false
789,21.5,21.5,21.5,true
790,21.4,21.4,21.4,false
791,21.4,21.4,21.4,false
792,21.4,21.4,21.4,true
793,21.4,21.4,21.4,true
794,21.4,21.4,21.4,false
795,21.3,21.3,21.3,false
796,21.3,21.3,21.3,false
797,21.3,21.3,21.3,true
798,21.3,21.3,21.3,false
799,21.3,21.3,21.3,false
800,21.3,21.3,21.3,false
801,21.3,21.3,21.3,false
802,21.3,21.3,21.3,false
803,21.3,21.3,21.3,false
804,21.2,21.2,21.2,false
805,21.2,21.2,21.2,false
806,21.2,21.2,21.2,false
807,21.2,21.2,21.2,false
808,21.2,21.2,21.2,true
809,21.2,21.2,21.2,false
810,21.2,21.2,21.2,false
811,21.2,21.2,21.2,false
812,21.2,21.2,21.2,false
813,21.1,21.1,21.1,true
814,21.1,21.1,21.1,false
815,21.1,21.1,21.1,false
816,21.1,21.1,21.1,true
817,21.1,21.1,21.1,true
818,21.1,21.1,21.1,false
819,21.1,21.1,21.1,false
820,21.1,21.1,21.1,false
821,21.1,21.1,21.1,false
822,21.1,21.1,21.1,true
823,21.1,21.1,21.1,false
824,21.1,21.1,21.1,false
825,21.1,21.1,21.1,false
826,21.1,21.1,21.1,false
827,21.1,21.1,21.1,false
828,21.1,21.1,21.1,false
829,21.1,21.1,21.1,false
830,21.1,21.1,21.1,false
831,21.1,21.1,21.1,false
832,21.0,21.0,21.0,false
833,21.0,21.0,21.0,false
834,21.0,21.0,21.0,false
835,21.0,21.0,21.0,false
836,21.0,21.0,21.0,false
837,21.0,21.0,21.0,true
838,21.0,21.0,21.0,false
839,21.0,21.0,21.0,true
840,21.0,21.0,21.0,false
841,21.0,21.0,21.0,false
842,21.0,21.0,21.0,false
843,21.0,21.0,21.0,false
844,21.0,21.0,21.0,false
845,21.0,21.0,21.0,false
846,21.0,21.0,21.0,false
847,21.0,21.0,21.0,false
848,21.0,21.0,21.0,false
849,20.9,20.9,20.9,false
850,20.9,20.9,20.9,true
851,20.9,20.9,20.9,false
852,20.9,20.9,20.9,true
853,20.9,20.9,20.9,false
854,20.9,20.9,20.9,false
855,20.9,20.9,20.9,true
856,20.9,20.9,20.9,true
857,20.9,20.9,20.9,false
858,20.9,20.9,20.9,false
859,20.9,20.9,20.9,false
860,20.9,20.9,20.9,true
861,20.8,20.8,20.8,false
862,20.8,20.8,20.8,false
863,20.8,20.8,20.8,false
864,20.8,20.8,20.8,false
865,20.8,20.8,20.8,false
866,20.8,20.8,20.8,false
867,20.8,20.8,20.8,false
868,20.8,20.8,20.8,false
869,20.8,20.8,20.8,true
870,20.8,20.8,20.8,false
871,20.8,20.8,20.8,false
872,20.8,20.8,20.8,false
873,20.8,20.8,20.8,false
874,20.8,20.8,20.8,false
875,20.8,20.8,20.8,false
876,20.8,20.8,20.8,true
877,20.7,20.7,20.7,false
878,20.7,20.7,20.7,false
879,20.7,20.7,20.7,true
880,20.7,20.7,20.7,false
881,20.7,20.7,20.7,false
882,20.7,20.7,20.7,true
883,20.7,20.7,20.7,false
884,20.7,20.7,20.7,false
885,20.7,20.7,20.7,false
886,20.7,20.7,20.7,false
887,20.7,20.7,20.7,false
888,20.7,20.7,20.7,false
889,20.7,20.7,20.7,false
890,20.7,20.7,20.7,false
891,20.7,20.7,20.7,false
892,20.7,20.7,20.7,false
893,20.7,20.7,20.7,false
894,20.7,20.7,20.7,true
895,20.7,20.7,20.7,false
896,20.7,20.7,20.7,false
897,20.7,20.7,20.7,false
898,20.6,20.6,20.6,false
899,20.6,20.6,20.6,false
900,20.6,20.6,20.6,false
901,20.6,20.6,20.6,false
902,20.6,20.6,20.6,false
903,20.6,20.6,20.6,false
904,20.6,20.6,20.6,false
905,20.6,20.6,20.6,false
906,20.6,20.6,20.6,false
907,20.6,20.6,20.6,false
908,20.6,20.6,20.6,false
909,20.6,20.6,20.6,false
910,20.6,20.6,20.6,false
911,20.6,20.6,20.6,false
912,20.6,20.6,20.6,false
913,20.6,20.6,20.6,false
914,20.6,20.6,20.6,false
915,20.5,20.5,20.5,false
916,20.5,20.5,20.5,false
917,20.5,20.5,20.5,false
918,20.5,20.5,20.5,true
919,20.5,20.5,20.5,false
920,20.5,20.5,20.5,false
921,20.5,20.5,20.5,true
922,20.5,20.5,20.5,true
923,20.5,20.5,20.5,false
924,20.5,20.5,20.5,false
925,20.5,20.5,20.5,false
926,20.5,20.5,20.5,true
927,20.5,20.5,20.5,false
928,20.5,20.5,20.5,false
929,20.5,20.5,20.5,false
930,20.5,20.5,20.5,false
931,20.5,20.5,20.5,false
932,20.5,20.5,20.5,false
933,20.5,20.5,20.5,false
934,20.5,20.5,20.5,false
935,20.5,20.5,20.5,false
936,20.4,20.4,20.4,false
937,20.4,20.4,20.4,true
938,20.4,20.4,20.4,true
939,20.4,20.4,20.4,false
940,20.4,20.4,20.4,false
941,20.4,20.4,20.4,false
942,20.4,20.4,20.4,true
943,20.4,20.4,20.4,false
944,20.4,20.4,20.4,false
945,20.4,20.4,20.4,false
946,20.4,20.4,20.4,true
947,20.4,20.4,20.4,true
948,20.4,20.4,20.4,true
949,20.4,20.4,20.4,false
950,20.4,20.4,20.4,false
951,20.4,20.4,20.4,true
952,20.4,20.4,20.4,false
953,20.4,20.4,20.4,false
954,20.4,20.4,20.4,false
955,20.4,20.4,20.4,false
956,20.4,20.4,20.4,false
957,20.4,20.4,20.4,false
958,20.4,20.4,20.4,true
959,20.4,20.4,20.4,false
960,20.4,20.4,20.4,false
961,20.4,20.4,20.4,false
962,20.4,20.4,20.4,true
963,20.4,20.4,20.4,false
964,20.4,20.4,20.4,false
965,20.4,20.4,20.4,false
966,20.4,20.4,20.4,true
967,20.4,20.4,20.4,false
968,20.3,20.3,20.3,false
969,20.3,20.3,20.3,false
970,20.3,20.3,20.3,false
971,20.3,20.3,20.3,true
972,20.3,20.3,20.3,false
973,20.3,20.3,20.3,true
974,20.3,20.3,20.3,false
975,20.3,20.3,20.3,false
976,20.3,20.3,20.3,false
977,20.3,20.3,20.3,false
978,20.3,20.3,20.3,false
979,20.3,20.3,20.3,false
980,20.3,20.3,20.3,false
981,20.3,20.3,20.3,false
982,20.3,20.3,20.3,false
983,20.3,20.3,20.3,false
984,20.3,20.3,20.3,false
985,20.3,20.3,20.3,false
986,20.3,20.3,20.3,true
987,20.3,20.3,20.3,true
988,20.3,20.3,20.3,false
989,20.3,20.3,20.3,false
990,20.3,20.3,20.3,true
991,20.3,20.3,20.3,false
992,20.3,20.3,20.3,false
993,20.3,20.3,20.3,false
994,20.3,20.3,20.3,true
995,20.3,20.3,20.3,true
996,20.3,20.3,20.3,false
997,20.3,20.3,20.3,false
998,20.3,20.3,20.3,false
999,20.3,20.3,20.3,false
1000,20.3,20.3,20.3,false
1001,20.3,20.3,20.3,true
1002,20.3,20.3,20.3,false
1003,20.3,20.3,20.3,false
1004,20.3,20.3,20.3,false
1005,20.3,20.3,20.3,false
1006,20.3,20.3,20.3,false
1007,20.3,20.3,20.3,true
1008,20.3,20.3,20.3,false
1009,20.3,20.3,20.3,false
1010,20.3,20.3,20.3,true
1011,20.3,20.3,20.3,true
1012,20.3,20.3,20.3,false
1013,20.2,20.2,20.2,false
1014,20.2,20.2,20.2,false
1015,20.2,20.2,20.2,false
1016,20.2,20.2,20.2,false
1017,20.2,20.2,20.2,false
1018,20.2,20.2,20.2,false
1019,20.2,20.2,20.2,true
1020,20.2,20.2,20.2,false
1021,20.2,20.2,20.2,false
1022,20.2,20.2,20.2,false
1023,20.2,20.2,20.2,false
1024,20.2,20.2,20.2,false
1025,20.2,20.2,20.2,false
1026,20.2,20.2,20.2,false
1027,20.2,20.2,20.2,false
1028,20.2,20.2,20.2,false
1029,20.2,20.2,20.2,false
1030,20.2,20.2,20.2,false
1031,20.2,20.2,20.2,false
1032,20.2,20.2,20.2,false
1033,20.2,20.2,20.2,true
1034,20.2,20.2,20.2,false
1035,20.2,20.2,20.2,true
1036,20.2,20.2,20.2,false
1037,20.2,20.2,20.2,false
1038,20.2,20.2,20.2,false
1039,20.2,20.2,20.2,false
1040,20.2,20.2,20.2,true
1041,20.2,20.2,20.2,false
1042,20.1,20.1,20.1,true
1043,20.1,20.1,20.1,false
1044,20.1,20.1,20.1,false
1045,20.1,20.1,20.1,false
1046,20.1,20.1,20.1,false
1047,20.1,20.1,20.1,false
1048,20.1,20.1,20.1,false
1049,20.1,20.1,20.1,true
1050,20.1,20.1,20.1,false
1051,20.1,20.1,20.1,false
1052,20.1,20.1,20.1,false
1053,20.1,20.1,20.1,false
1054,20.1,20.1,20.1,true
1055,20.1,20.1,20.1,false
1056,20.1,20.1,20.1,false
1057,20.1,20.1,20.1,false
1058,20.1,20.1,20.1,false
1059,20.1,20.1,20.1,false
1060,20.1,20.1,20.1,false
1061,20.1,20.1,20.1,false
1062,20.1,20.1,20.1,true
1063,20.1,20.1,20.1,false
1064,20.1,20.1,20.1,true
1065,20.1,20.1,20.1,false
1066,20.1,20.1,20.1,false
1067,20.1,20.1,20.1,false
1068,20.1,20.1,20.1,false
1069,20.1,20.1,20.1,true
1070,20.1,20.1,20.1,false
1071,20.1,20.1,20.1,false
1072,20.1,20.1,20.1,false
1073,20.1,20.1,20.1,true
1074,20.0,20.0,20.0,false
1075,20.0,20.0,20.0,false
1076,20.0,20.0,20.0,false
1077,20.0,20.0,20.0,false
1078,20.0,20.0,20.0,false
1079,20.0,20.0,20.0,false
1080,20.0,20.0,20.0,true
1081,20.0,20.0,20.0,false
1082,20.0,20.0,20.0,false
1083,20.0,20.0,20.0,false
1084,20.0,20.0,20.0,false
1085,20.0,20.0,20.0,false
1086,19.9,19.9,19.9,true
1087,20.0,20.0,20.0,false
1088,19.9,19.9,19.9,false
1089,19.9,19.9,19.9,false
1090,19.9,19.9,19.9,false
1091,19.9,19.9,19.9,false
1092,19.9,19.9,19.9,false
1093,19.9,19.9,19.9,true
1094,19.9,19.9,19.9,false
1095,19.9,19.9,19.9,false
1096,19.9,19.9,19.9,true
1097,19.9,19.9,19.9,false
1098,19.9,19.9,19.9,false
1099,19.9,19.9,19.9,false
1100,19.9,19.9,19.9,false
1101,19.9,19.9,19.9,false
1102,19.9,19.9,19.9,false
1103,19.9,19.9,19.9,true
1104,19.9,19.9,19.9,true
1105,19.9,19.9,19.9,true
1106,19.9,19.9,19.9,true
1107,19.9,19.9,19.9,false
1108,19.8,19.8,19.8,false
1109,19.8,19.8,19.8,false
1110,19.8,19.8,19.8,false
1111,19.8,19.8,19.8,false
1112,19.8,19.8,19.8,false
1113,19.8,19.8,19.8,true
1114,19.8,19.8,19.8,false
1115,19.8,19.8,19.8,false
1116,19.8,19.8,19.8,false
1117,19.8,19.8,19.8,true
1118,19.8,19.8,19.8,false
1119,19.8,19.8,19.8,false
1120,19.8,19.8,19.8,false
1121,19.8,19.8,19.8,false
1122,19.8,19.8,19.8,false
1123,19.8,19.8,19.8,false
1124,19.8,19.8,19.8,false
1125,19.8,19.8,19.8,false
1126,19.8,19.8,19.8,false
1127,19.8,19.8,19.8,false
1128,19.7,19.7,19.7,false
1129,19.7,19.7,19.7,true
1130,19.8,19.8,19.8,false
1131,19.8,19.8,19.8,false
1132,19.7,19.7,19.7,false
1133,19.7,19.7,19.7,false
1134,19.7,19.7,19.7,true
1135,19.7,19.7,19.7,true
1136,19.7,19.7,19.7,false
1137,19.7,19.7,19.7,false
1138,19.7,19.7,19.7,false
1139,19.7,19.7,19.7,false
1140,19.7,19.7,19.7,false
1141,19.7,19.7,19.7,false
1142,19.7,19.7,19.7,true
1143,19.7,19.7,19.7,false
1144,19.7,19.7,19.7,false
1145,19.7,19.7,19.7,false
1146,19.7,19.7,19.7,false
1147,19.7,19.7,19.7,true
1148,19.7,19.7,19.7,false
1149,19.7,19.7,19.7,false
1150,19.6,19.6,19.6,true
1151,19.7,19.7,19.7,false
1152,19.6,19.6,19.6,false
1153,19.6,19.6,19.6,true
1154,19.6,19.6,19.6,false
1155,19.6,19.6,19.6,true
1156,19.6,19.6,19.6,false
1157,19.6,19.6,19.6,false
1158,19.6,19.6,19.6,false
1159,19.6,19.6,19.6,false
1160,19.6,19.6,19.6,false
1161,19.6,19.6,19.6,true
1162,19.6,19.6,19.6,false
1163,19.6,19.6,19.6,false
1164,19.6,19.6,19.6,false
1165,19.6,19.6,19.6,false
1166,19.6,19.6,19.6,true
1167,19.6,19.6,19.6,false
1168,19.6,19.6,19.6,true
1169,19.6,19.6,19.6,true
1170,19.6,19.6,19.6,true
1171,19.6,19.6,19.6,false
1172,19.6,19.6,19.6,true
1173,19.5,19.5,19.5,false
1174,19.5,19.5,19.5,false
1175,19.5,19.5,19.5,false
1176,19.5,19.5,19.5,true
1177,19.5,19.5,19.5,false
1178,19.5,19.5,19.5,false
1179,19.5,19.5,19.5,true
1180,19.5,19.5,19.5,false
1181,19.5,19.5,19.5,false
1182,19.5,19.5,19.5,false
1183,19.5,19.5,19.5,false
1184,19.5,19.5,19.5,false
1185,19.5,19.5,19.5,false
1186,19.5,19.5,19.5,false
1187,19.5,19.5,19.5,false
1188,19.5,19.5,19.5,false
1189,19.5,19.5,19.5,false
1190,19.5,19.5,19.5,false
1191,19.5,19.5,19.5,false
1192,19.5,19.5,19.5,false
1193,19.5,19.5,19.5,false
1194,19.5,19.5,19.5,false
1195,19.5,19.5,19.5,false
1196,19.5,19.5,19.5,false
1197,19.5,19.5,19.5,true
1198,19.5,19.5,19.5,false
1199,19.5,19.5,19.5,false
1200,19.5,19.5,19.5,false
1201,19.5,19.5,19.5,false
1202,19.4,19.4,19.4,false
1203,19.4,19.4,19.4,false
1204,19.4,19.4,19.4,true
1205,19.4,19.4,19.4,false
1206,19.4,19.4,19.4,false
1207,19.4,19.4,19.4,true
1208,19.4,19.4,19.4,false
1209,19.4,19.4,19.4,false
1210,19.4,19.4,19.4,true
1211,19.4,19.4,19.4,true
1212,19.4,19.4,19.4,false
1213,19.4,19.4,19.4,false
1214,19.4,19.4,19.4,true
1215,19.4,19.4,19.4,false
1216,19.4,19.4,19.4,false
1217,19.4,19.4,19.4,false
1218,19.4,19.4,19.4,false
1219,19.4,19.4,19.4,false
1220,19.4,19.4,19.4,false
1221,19.4,19.4,19.4,true
1222,19.4,19.4,19.4,true
1223,19.4,19.4,19.4,false
1224,19.4,19.4,19.4,false
1225,19.4,19.4,19.4,false
1226,19.4,19.4,19.4,false
1227,19.4,19.4,19.4,true
1228,19.3,19.3,19.3,false
1229,19.3,19.3,19.3,false
1230,19.3,19.3,19.3,false
1231,19.3,19.3,19.3,false
1232,19.3,19.3,19.3,true
1233,19.3,19.3,19.3,false
1234,19.3,19.3,19.3,false
1235,19.3,19.3,19.3,true
1236,19.3,19.3,19.3,true
1237,19.3,19.3,19.3,false
1238,19.3,19.3,19.3,false
1239,19.3,19.3,19.3,true
1240,19.3,19.3,19.3,false
1241,19.3,19.3,19.3,false
1242,19.3,19.3,19.3,false
1243,19.3,19.3,19.3,false
1244,19.3,19.3,19.3,true
1245,19.3,19.3,19.3,false
1246,19.3,19.3,19.3,false
1247,19.3,19.3,19.3,false
1248,19.3,19.3,19.3,false
1249,19.3,19.3,19.3,false
1250,19.3,19.3,19.3,false
1251,19.2,19.2,19.2,false
1252,19.2,19.2,19.2,false
1253,19.2,19.2,19.2,false
1254,19.2,19.2,19.2,false
1255,19.2,19.2,19.2,true
1256,19.2,19.2,19.2,false
1257,19.2,19.2,19.2,false
1258,19.2,19.2,19.2,false
1259,19.2,19.2,19.2,true
1260,19.2,19.2,19.2,false
1261,19.2,19.2,19.2,false
1262,19.2,19.2,19.2,false
1263,19.2,19.2,19.2,false
1264,19.2,19.2,19.2,false
1265,19.2,19.2,19.2,false
1266,19.2,19.2,19.2,true
1267,19.2,19.2,19.2,false
1268,19.2,19.2,19.2,false
1269,19.2,19.2,19.2,false
1270,19.2,19.2,19.2,false
1271,19.2,19.2,19.2,false
1272,19.2,19.2,19.2,false
1273,19.2,19.2,19.2,false
1274,19.2,19.2,19.2,true
1275,19.1,19.1,19.1,false
1276,19.1,19.1,19.1,false
1277,19.1,19.1,19.1,false
1278,19.1,19.1,19.1,false
1279,19.1,19.1,19.1,false
1280,19.1,19.1,19.1,false
1281,19.1,19.1,19.1,false
1282,19.1,19.1,19.1,false
1283,19.1,19.1,19.1,false
1284,19.1,19.1,19.1,false
1285,19.1,19.1,19.1,true
1286,19.1,19.1,19.1,true
1287,19.1,19.1,19.1,false
1288,19.1,19.1,19.1,true
1289,19.1,19.1,19.1,false
1290,19.1,19.1,19.1,false
1291,19.1,19.1,19.1,false
1292,19.1,19.1,19.1,false
1293,19.1,19.1,19.1,false
1294,19.1,19.1,19.1,false
1295,19.1,19.1,19.1,false
1296,19.1,19.1,19.1,false
1297,19.1,19.1,19.1,true
1298,19.1,19.1,19.1,false
1299,19.1,19.1,19.1,false
1300,19.1,19.1,19.1,false
1301,19.1,19.1,19.1,false
1302,19.1,19.1,19.1,false
1303,19.1,19.1,19.1,false
1304,19.1,19.1,19.1,false
1305,19.1,19.1,19.1,false
1306,19.1,19.1,19.1,false
1307,19.0,19.0,19.0,false
1308,19.0,19.0,19.0,false
1309,19.0,19.0,19.0,true
1310,19.0,19.0,19.0,false
1311,19.0,19.0,19.0,true
1312,19.0,19.0,19.0,false
1313,19.0,19.0,19.0,false
1314,19.0,19.0,19.0,true
1315,19.0,19.0,19.0,false
1316,19.0,19.0,19.0,false
1317,19.0,19.0,19.0,false
1318,19.0,19.0,19.0,false
1319,18.9,18.9,18.9,true
1320,18.9,18.9,18.9,false
1321,18.9,18.9,18.9,false
1322,18.9,18.9,18.9,false
1323,18.9,18.9,18.9,false
1324,18.9,18.9,18.9,true
1325,18.9,18.9,18.9,false
1326,18.9,18.9,18.9,true
1327,18.9,18.9,18.9,false
1328,18.9,18.9,18.9,false
1329,18.9,18.9,18.9,true
1330,18.9,18.9,18.9,false
1331,18.9,18.9,18.9,true
1332,18.9,18.9,18.9,true
1333,18.9,18.9,18.9,false
1334,18.9,18.9,18.9,false
1335,18.9,18.9,18.9,false
1336,18.9,18.9,18.9,true
1337,18.8,18.8,18.8,false
1338,18.8,18.8,18.8,false
1339,18.8,18.8,18.8,false
1340,18.8,18.8,18.8,false
1341,18.8,18.8,18.8,false
1342,18.8,18.8,18.8,true
1343,18.8,18.8,18.8,false
1344,18.8,18.8,18.8,false
1345,18.8,18.8,18.8,false
1346,18.8,18.8,18.8,false
1347,18.8,18.8,18.8,false
1348,18.8,18.8,18.8,false
1349,18.8,18.8,18.8,true
1350,18.8,18.8,18.8,true
1351,18.8,18.8,18.8,false
1352,18.8,18.8,18.8,false
1353,18.8,18.8,18.8,false
1354,18.8,18.8,18.8,false
1355,18.7,18.7,18.7,true
1356,18.7,18.7,18.7,false
1357,18.7,18.7,18.7,false
1358,18.7,18.7,18.7,true
1359,18.7,18.7,18.7,true
1360,18.7,18.7,18.7,false
1361,18.7,18.7,18.7,false
1362,18.7,18.7,18.7,false
1363,18.7,18.7,18.7,false
1364,18.7,18.7,18.7,false
1365,18.7,18.7,18.7,false
1366,18.7,18.7,18.7,false
1367,18.7,18.7,18.7,false
1368,18.7,18.7,18.7,true
1369,18.7,18.7,18.7,false
1370,18.7,18.7,18.7,true
1371,18.7,18.7,18.7,false
1372,18.7,18.7,18.7,false
1373,18.6,18.6,18.6,false
1374,18.6,18.6,18.6,false
1375,18.6,18.6,18.6,true
1376,18.6,18.6,18.6,false
1377,18.6,18.6,18.6,true
1378,18.6,18.6,18.6,false
1379,18.6,18.6,18.6,false
1380,18.6,18.6,18.6,true
1381,18.6,18.6,18.6,false
1382,18.6,18.6,18.6,false
1383,18.6,18.6,18.6,false
1384,18.6,18.6,18.6,false
1385,18.6,18.6,18.6,false
1386,18.6,18.6,18.6,false
1387,18.6,18.6,18.6,false
1388,18.6,18.6,18.6,false
1389,18.6,18.6,18.6,false
1390,18.6,18.6,18.6,false
1391,18.6,18.6,18.6,false
1392,18.6,18.6,18.6,false
1393,18.6,18.6,18.6,false
1394,18.6,18.6,18.6,false
1395,18.5,18.5,18.5,false
1396,18.5,18.5,18.5,false
1397,18.5,18.5,18.5,false
1398,18.5,18.5,18.5,false
1399,18.5,18.5,18.5,false
1400,18.5,18.5,18.5,false
1401,18.5,18.5,18.5,false
1402,18.5,18.5,18.5,true
1403,18.5,18.5,18.5,false
1404,18.5,18.5,18.5,false
1405,18.5,18.5,18.5,false
1406,18.5,18.5,18.5,false
1407,18.5,18.5,18.5,true
1408,18.5,18.5,18.5,false
1409,18.5,18.5,18.5,false
1410,18.5,18.5,18.5,false
1411,18.5,18.5,18.5,false
1412,18.5,18.5,18.5,false
1413,18.5,18.5,18.5,false
1414,18.5,18.5,18.5,false
1415,18.5,18.5,18.5,false
1416,18.5,18.5,18.5,true
1417,18.5,18.5,18.5,true
1418,18.5,18.5,18.5,false
1419,18.5,18.5,18.5,true
1420,18.4,18.4,18.4,false
1421,18.4,18.4,18.4,false
1422,18.4,18.4,18.4,false
1423,18.4,18.4,18.4,false
1424,18.4,18.4,18.4,false
1425,18.4,18.4,18.4,false
1426,18.4,18.4,18.4,false
1427,18.4,18.4,18.4,false
1428,18.4,18.4,18.4,false
1429,18.4,18.4,18.4,false
1430,18.4,18.4,18.4,false
1431,18.4,18.4,18.4,false
1432,18.4,18.4,18.4,false
1433,18.4,18.4,18.4,true
1434,18.4,18.4,18.4,false
1435,18.4,18.4,18.4,false
1436,18.4,18.4,18.4,false
1437,18.4,18.4,18.4,false
1438,18.4,18.4,18.4,true
1439,18.4,18.4,18.4,false
1440,18.4,18.4,18.4,true
1441,18.4,18.4,18.4,false
1442,18.4,18.4,18.4,false
1443,18.4,18.4,18.4,false
1444,18.4,18.4,18.4,false
1445,18.4,18.4,18.4,false
1446,18.4,18.4,18.4,false
1447,18.4,18.4,18.4,false
1448,18.4,18.4,18.4,false
1449,18.3,18.3,18.3,false
1450,18.3,18.3,18.3,false
1451,18.3,18.3,18.3,false
1452,18.3,18.3,18.3,false
1453,18.3,18.3,18.3,false
1454,18.3,18.3,18.3,false
1455,18.3,18.3,18.3,false
1456,18.3,18.3,18.3,false
1457,18.3,18.3,18.3,false
1458,18.3,18.3,18.3,false
1459,18.3,18.3,18.3,false
1460,18.3,18.3,18.3,true
1461,18.3,18.3,18.3,false
1462,18.3,18.3,18.3,false
1463,18.3,18.3,18.3,false
1464,18.3,18.3,18.3,false
1465,18.3,18.3,18.3,false
1466,18.3,18.3,18.3,false
1467,18.3,18.3,18.3,false
1468,18.3,18.3,18.3,false
1469,18.3,18.3,18.3,false
1470,18.3,18.3,18.3,false
1471,18.3,18.3,18.3,false
1472,18.3,18.3,18.3,false
1473,18.3,18.3,18.3,true
1474,18.3,18.3,18.3,false
1475,18.3,18.3,18.3,false
1476,18.3,18.3,18.3,false
1477,18.2,18.2,18.2,false
1478,18.3,18.3,18.3,false
1479,18.2,18.2,18.2,false
1480,18.2,18.2,18.2,true
1481,18.2,18.2,18.2,false
1482,18.2,18.2,18.2,false
1483,18.2,18.2,18.2,true
1484,18.2,18.2,18.2,false
1485,18.2,18.2,18.2,true
1486,18.2,18.2,18.2,false
1487,18.2,18.2,18.2,false
1488,18.2,18.2,18.2,true
1489,18.2,18.2,18.2,false
1490,18.2,18.2,18.2,false
1491,18.2,18.2,18.2,false
1492,18.2,18.2,18.2,false
1493,18.2,18.2,18.2,false
1494,18.2,18.2,18.2,false
1495,18.2,18.2,18.2,false
1496,18.2,18.2,18.2,false
1497,18.2,18.2,18.2,false
1498,18.2,18.2,18.2,false
1499,18.2,18.2,18.2,false
1500,18.2,18.2,18.2,false
1501,18.2,18.2,18.2,false
1502,18.2,18.2,18.2,false
1503,18.2,18.2,18.2,false
1504,18.2,18.2,18.2,false
1505,18.2,18.2,18.2,false
1506,18.1,18.1,18.1,false
1507,18.1,18.1,18.1,false
1508,18.1,18.1,18.1,false
1509,18.2,18.2,18.2,false
1510,18.2,18.2,18.2,false
1511,18.2,18.2,18.2,false
1512,18.2,18.2,18.2,false
1513,18.2,18.2,18.2,false
1514,18.1,18.1,18.1,false
1515,18.2,18.2,18.2,false
1516,18.1,18.1,18.1,false
1517,18.1,18.1,18.1,false
1518,18.1,18.1,18.1,false
1519,18.1,18.1,18.1,false
1520,18.1,18.1,18.1,true
1521,18.1,18.1,18.1,false
1522,18.1,18.1,18.1,false
1523,18.1,18.1,18.1,false
1524,18.1,18.1,18.1,false
1525,18.1,18.1,18.1,true
1526,18.1,18.1,18.1,false
1527,18.1,18.1,18.1,false
1528,18.1,18.1,18.1,true
1529,18.1,18.1,18.1,true
1530,18.1,18.1,18.1,true
1531,18.1,18.1,18.1,false
1532,18.1,18.1,18.1,false
1533,18.1,18.1,18.1,false
1534,18.1,18.1,18.1,false
1535,18.1,18.1,18.1,false
1536,18.1,18.1,18.1,false
1537,18.1,18.1,18.1,true
1538,18.1,18.1,18.1,true
1539,18.1,18.1,18.1,true
1540,18.1,18.1,18.1,false
1541,18.1,18.1,18.1,false
1542,18.1,18.1,18.1,false
1543,18.1,18.1,18.1,false
1544,18.1,18.1,18.1,false
1545,18.1,18.1,18.1,false
1546,18.0,18.0,18.0,false
1547,18.0,18.0,18.0,false
1548,18.0,18.0,18.0,true
1549,18.0,18.0,18.0,false
1550,18.0,18.0,18.0,false
1551,18.0,18.0,18.0,false
1552,18.0,18.0,18.0,false
1553,18.0,18.0,18.0,false
1554,18.0,18.0,18.0,false
1555,18.0,18.0,18.0,false
1556,18.0,18.0,18.0,false
1557,18.0,18.0,18.0,true
1558,18.0,18.0,18.0,false
1559,18.0,18.0,18.0,false
1560,18.0,18.0,18.0,false
1561,18.0,18.0,18.0,false
1562,18.0,18.0,18.0,false
1563,18.0,18.0,18.0,true
1564,18.0,18.0,18.0,true
1565,18.0,18.0,18.0,true
1566,18.0,18.0,18.0,false
1567,18.0,18.0,18.0,true
1568,18.0,18.0,18.0,false
1569,18.0,18.0,18.0,false
1570,18.0,18.0,18.0,false
1571,18.0,18.0,18.0,false
1572,18.0,18.0,18.0,false
1573,18.0,18.0,18.0,false
1574,18.0,18.0,18.0,false
1575,18.0,18.0,18.0,false
1576,18.0,18.0,18.0,false
1577,18.0,18.0,18.0,false
1578,18.0,18.0,18.0,false
1579,18.0,18.0,18.0,false
1580,18.0,18.0,18.0,false
1581,18.0,18.0,18.0,false
1582,18.0,18.0,18.0,false
1583,17.9,17.9,17.9,false
1584,17.9,17.9,17.9,true
1585,18.0,18.0,18.0,false
1586,17.9,17.9,17.9,true
1587,17.9,17.9,17.9,false
1588,18.0,18.0,18.0,false
1589,17.9,17.9,17.9,false
1590,18.0,18.0,18.0,false
1591,17.9,17.9,17.9,false
1592,17.9,17.9,17.9,false
1593,17.9,17.9,17.9,false
1594,17.9,17.9,17.9,true
1595,17.9,17.9,17.9,false
1596,17.9,17.9,17.9,false
1597,17.9,17.9,17.9,true
1598,17.9,17.9,17.9,false
1599,17.9,17.9,17.9,false
1600,17.9,17.9,17.9,true
1601,17.9,17.9,17.9,false
1602,17.9,17.9,17.9,false
1603,17.9,17.9,17.9,false
1604,17.9,17.9,17.9,true
1605,17.9,17.9,17.9,false
1606,17.9,17.9,17.9,false
1607,17.9,17.9,17.9,false
1608,17.9,17.9,17.9,true
1609,17.9,17.9,17.9,true
1610,17.9,17.9,17.9,false
1611,17.9,17.9,17.9,false
1612,17.9,17.9,17.9,false
1613,17.9,17.9,17.9,false
1614,17.9,17.9,17.9,false
1615,17.9,17.9,17.9,true
1616,17.9,17.9,17.9,false
1617,17.9,17.9,17.9,false
1618,17.9,17.9,17.9,false
1619,17.9,17.9,17.9,true
1620,17.9,17.9,17.9,true
1621,17.9,17.9,17.9,false
1622,17.9,17.9,17.9,false
1623,17.8,17.8,17.8,false
1624,17.8,17.8,17.8,true
1625,17.8,17.8,17.8,true
1626,17.8,17.8,17.8,false
1627,17.8,17.8,17.8,true
1628,17.8,17.8,17.8,false
1629,17.8,17.8,17.8,true
1630,17.8,17.8,17.8,true
1631,17.8,17.8,17.8,false
1632,17.8,17.8,17.8,false
1633,17.8,17.8,17.8,false
1634,17.8,17.8,17.8,false
1635,17.8,17.8,17.8,true
1636,17.8,17.8,17.8,false
1637,17.8,17.8,17.8,false
1638,17.8,17.8,17.8,true
1639,17.8,17.8,17.8,true
1640,17.8,17.8,17.8,true
1641,17.8,17.8,17.8,true
1642,17.8,17.8,17.8,false
1643,17.8,17.8,17.8,false
1644,17.8,17.8,17.8,true
1645,17.8,17.8,17.8,false
1646,17.8,17.8,17.8,true
1647,17.8,17.8,17.8,false
1648,17.8,17.8,17.8,false
1649,17.8,17.8,17.8,false
1650,17.8,17.8,17.8,true
1651,17.8,17.8,17.8,false
1652,17.8,17.8,17.8,false
1653,17.8,17.8,17.8,false
1654,17.8,17.8,17.8,true
1655,17.8,17.8,17.8,false
1656,17.8,17.8,17.8,false
1657,17.8,17.8,17.8,false
1658,17.7,17.7,17.7,false
1659,17.7,17.7,17.7,false
1660,17.7,17.7,17.7,false
1661,20.621371355275596,20.621371355275596,17.8,false
1662,20.559761520327896,17.7,17.7,true
1663,20.737089343540227,20.737089343540227,17.7,false
1664,20.643477123804978,20.643477123804978,17.7,false
1665,20.765810590928858,20.765810590928858,17.7,false
1666,20.634615855089844,20.634615855089844,17.7,false
1667,20.794629874228914,20.794629874228914,17.7,false
1668,20.817220467585848,17.7,17.7,true
1669,20.723780305199316,20.723780305199316,17.7,false
1670,20.79772224261353,20.79772224261353,17.7,false
1671,20.86887629427748,20.86887629427748,17.7,false
1672,20.85210049069833,20.85210049069833,17.7,false
1673,20.522802230027345,20.522802230027345,17.7,false
1674,20.608623397721356,20.608623397721356,17.7,false
1675,20.85481914717317,20.85481914717317,17.7,false
1676,20.767899620880193,20.767899620880193,17.7,false
1677,20.57985242202738,20.57985242202738,17.7,false
1678,20.856235272046593,20.856235272046593,17.7,false
1679,20.787778828546738,20.787778828546738,17.7,false
1680,20.757679560092047,20.757679560092047,17.7,false
1681,20.631546985539945,20.631546985539945,17.7,false
1682,20.84976721498396,20.84976721498396,17.7,false
1683,20.667930730137556,20.667930730137556,17.7,false
1684,20.7164742475558,20.7164742475558,17.7,false
1685,20.625958485449804,20.625958485449804,17.7,false
1686,20.559494929314972,20.559494929314972,17.6,false
1687,20.704815994362818,20.704815994362818,17.6,false
1688,20.593410639710587,20.593410639710587,17.6,false
1689,20.67898235075774,20.67898235075774,17.6,false
1690,20.500712700538504,17.6,17.6,true
1691,20.706288652186075,20.706288652186075,17.6,false
1692,20.705295549209346,20.705295549209346,17.6,false
1693,20.63485149170256,20.63485149170256,17.6,false
1694,20.753932473541916,20.753932473541916,17.6,false
1695,20.680860050329077,17.6,17.6,true
1696,20.736509545584074,17.6,17.6,true
1697,20.493039735471278,20.493039735471278,17.6,false
1698,20.55513928059529,20.55513928059529,17.6,false
1699,20.563837093386866,20.563837093386866,17.6,false
1700,20.626034457156738,17.6,17.6,true
1701,20.635229250823578,20.635229250823578,17.6,false
1702,20.76244632508621,20.76244632508621,17.6,false
1703,20.466943087875,20.466943087875,17.6,false
1704,20.678902154906652,17.6,17.6,true
1705,20.592846887514817,20.592846887514817,17.6,false
1706,20.51938866923611,17.6,17.6,true
1707,20.616427598569192,20.616427598569192,17.6,false
1708,20.500998698119812,20.500998698119812,17.6,false
1709,20.589175110724188,17.6,17.6,true
1710,20.580630455557625,17.6,17.6,true
1711,20.590892188423183,17.6,17.6,true
1712,20.33162036211337,20.33162036211337,17.5,false
1713,20.48635516235774,20.48635516235774,17.5,false
1714,20.550618223683287,20.550618223683287,17.5,false
1715,20.40238365038753,20.40238365038753,17.5,false
1716,20.593808349419234,17.5,17.5,true
1717,20.439397860980257,20.439397860980257,17.5,false
1718,20.409990266769164,20.409990266769164,17.5,false
1719,20.328750896311657,20.328750896311657,17.5,false
1720,20.36804806887207,20.36804806887207,17.5,false
1721,20.357613650050205,20.357613650050205,17.5,false
1722,20.560023089165476,20.560023089165476,17.5,false
1723,20.443639466612044,20.443639466612044,17.5,false
1724,20.41622741380403,20.41622741380403,17.5,false
1725,20.477832190833176,20.477832190833176,17.5,false
1726,20.389974755504145,20.389974755504145,17.5,false
1727,20.468643823241415,20.468643823241415,17.5,false
1728,20.469092060630377,20.469092060630377,17.5,false
1729,20.5161403300437,20.5161403300437,17.5,false
1730,20.656750843905538,17.5,17.5,true
1731,20.590938325115964,20.590938325115964,17.5,false
1732,20.476349495857814,20.476349495857814,17.5,false
1733,20.620594448200727,20.620594448200727,17.5,false
1734,20.640232013006468,17.5,17.5,true
1735,20.373614961607302,17.5,17.5,true
1736,20.376733898419207,20.376733898419207,17.5,false
1737,20.448243363642202,20.448243363642202,17.5,false
1738,20.478059421604424,20.478059421604424,17.5,false
1739,20.46639243365598,20.46639243365598,17.5,false
1740,20.63267115955428,20.63267115955428,17.5,false
1741,20.381834451280145,20.381834451280145,17.5,false
1742,20.481699527401265,20.481699527401265,17.5,false
1743,20.329235646173423,20.329235646173423,17.5,false
1744,20.348076137503476,20.348076137503476,17.5,false
1745,20.46197781304487,20.46197781304487,17.5,false
1746,20.535120583682602,20.535120583682602,17.5,false
1747,20.548578393802554,20.548578393802554,17.5,false
1748,20.484050072345156,20.484050072345156,17.5,false
1749,20.404346470184908,20.404346470184908,17.5,false
1750,17.5,17.5,17.5,false
1751,17.5,17.5,17.5,false
1752,17.5,17.5,17.5,false
1753,17.5,17.5,17.5,false
1754,17.5,17.5,17.5,false
1755,17.5,17.5,17.5,false
1756,17.5,17.5,17.5,false
1757,17.5,17.5,17.5,true
1758,17.5,17.5,17.5,true
1759,17.5,17.5,17.5,true
1760,17.5,17.5,17.5,false
1761,17.5,17.5,17.5,false
1762,17.5,17.5,17.5,false
1763,17.5,17.5,17.5,false
1764,17.5,17.5,17.5,false
1765,17.5,17.5,17.5,false
1766,17.5,17.5,17.5,false
1767,17.5,17.5,17.5,true
1768,17.5,17.5,17.5,true
1769,17.5,17.5,17.5,false
1770,17.5,17.5,17.5,false
1771,17.5,17.5,17.5,false
1772,17.5,17.5,17.5,false
1773,17.5,17.5,17.5,false
1774,17.5,17.5,17.5,false
1775,17.5,17.5,17.5,false
1776,17.5,17.5,17.5,false
1777,17.5,17.5,17.5,false
1778,17.5,17.5,17.5,false
1779,17.5,17.5,17.5,false
1780,17.5,17.5,17.5,false
1781,17.5,17.5,17.5,false
1782,17.5,17.5,17.5,true
1783,17.5,17.5,17.5,true
1784,17.5,17.5,17.5,false
1785,17.5,17.5,17.5,false
1786,17.5,17.5,17.5,false
1787,17.5,17.5,17.5,false
1788,17.5,17.5,17.5,false
1789,17.5,17.5,17.5,false
1790,17.5,17.5,17.5,false
1791,17.4,17.4,17.4,false
1792,17.5,17.5,17.5,false
1793,17.5,17.5,17.5,false
1794,17.5,17.5,17.5,false
1795,17.5,17.5,17.5,false
1796,17.5,17.5,17.5,false
1797,17.5,17.5,17.5,false
1798,17.5,17.5,17.5,false
1799,17.5,17.5,17.5,false
1800,17.5,17.5,17.5,false
1801,17.5,17.5,17.5,true
1802,17.5,17.5,17.5,true
1803,17.5,17.5,17.5,false
1804,17.5,17.5,17.5,true
1805,17.5,17.5,17.5,false
1806,17.5,17.5,17.5,false
1807,17.5,17.5,17.5,false
1808,17.5,17.5,17.5,false
1809,17.5,17.5,17.5,false
1810,17.5,17.5,17.5,true
1811,17.5,17.5,17.5,true
1812,17.5,17.5,17.5,true
1813,17.5,17.5,17.5,false
1814,17.5,17.5,17.5,false
1815,17.5,17.5,17.5,false
1816,17.5,17.5,17.5,false
1817,17.5,17.5,17.5,false
1818,17.5,17.5,17.5,false
1819,17.5,17.5,17.5,false
1820,17.5,17.5,17.5,false
1821,17.5,17.5,17.5,false
1822,17.5,17.5,17.5,false
1823,17.5,17.5,17.5,false
1824,17.5,17.5,17.5,false
1825,17.5,17.5,17.5,false
1826,17.5,17.5,17.5,false
1827,17.5,17.5,17.5,false
1828,17.5,17.5,17.5,false
1829,17.5,17.5,17.5,false
1830,17.5,17.5,17.5,false
1831,17.5,17.5,17.5,false
1832,17.5,17.5,17.5,false
1833,17.5,17.5,17.5,true
1834,17.5,17.5,17.5,false
1835,20.55631318685604,20.55631318685604,17.5,false
1836,20.35878480863352,20.35878480863352,17.5,false
1837,20.45901924799659,20.45901924799659,17.6,false
1838,20.490194882736276,20.490194882736276,17.6,false
1839,20.749802224783362,20.749802224783362,17.6,false
1840,20.67490142789797,20.67490142789797,17.6,false
1841,20.535053059649105,20.535053059649105,17.6,false
1842,20.649470578250977,20.649470578250977,17.6,false
1843,20.48929335700081,20.48929335700081,17.6,false
1844,20.584202237435285,20.584202237435285,17.6,false
1845,20.670318828616594,20.670318828616594,17.7,false
1846,20.50957404935548,17.6,17.6,true
1847,20.795227492600674,20.795227492600674,17.7,false
1848,20.609413958175224,20.609413958175224,17.7,false
1849,20.601215469115697,20.601215469115697,17.7,false
1850,20.683594282253125,20.683594282253125,17.7,false
1851,20.730656781387353,20.730656781387353,17.7,false
1852,20.69378482186683,20.69378482186683,17.7,false
1853,20.60033473210677,17.7,17.7,true
1854,20.70243022940802,20.70243022940802,17.8,false
1855,20.77908159378103,20.77908159378103,17.8,false
1856,20.804569177942888,20.804569177942888,17.8,false
1857,20.78582803046407,20.78582803046407,17.8,false
1858,20.878540547224624,17.8,17.8,true
1859,20.944031318471954,20.944031318471954,17.9,false
1860,20.7714431365451,20.7714431365451,17.9,false
1861,20.903900943109413,20.903900943109413,17.9,false
1862,20.966325314608582,17.9,17.9,true
1863,20.819638014249133,20.819638014249133,17.9,false
1864,20.933716815236387,20.933716815236387,17.9,false
1865,20.937216593362997,20.937216593362997,18.0,false
1866,21.02737280893128,18.0,18.0,true
1867,20.795992110185352,20.795992110185352,18.0,false
1868,21.04747380819172,21.04747380819172,18.0,false
1869,20.935488811385802,20.935488811385802,18.1,false
1870,21.25795677371099,21.25795677371099,18.1,false
1871,21.20319086683363,21.20319086683363,18.1,false
1872,20.8915094434348,20.8915094434348,18.1,false
1873,21.245124918573524,21.245124918573524,18.2,false
1874,21.234185385829132,21.234185385829132,18.2,false
1875,21.28486391611071,21.28486391611071,18.3,false
1876,21.15352914373019,21.15352914373019,18.3,false
1877,21.418348190064997,21.418348190064997,18.4,false
1878,21.449087886696688,21.449087886696688,18.4,false
1879,21.30566866894532,18.4,18.4,true
1880,21.35869343311289,21.35869343311289,18.5,false
1881,21.70035579515697,21.70035579515697,18.6,false
1882,21.496967875177504,21.496967875177504,18.6,false
1883,21.79501886193024,21.79501886193024,18.7,false
1884,21.766152491983014,21.766152491983014,18.7,false
1885,21.70472984887564,21.70472984887564,18.7,false
1886,21.671389838553328,21.671389838553328,18.8,false
1887,21.845753472069337,21.845753472069337,18.8,false
1888,22.036497182005576,22.036497182005576,18.9,false
1889,22.093912760593764,22.093912760593764,19.0,false
1890,22.098524816804414,22.098524816804414,19.1,false
1891,22.21162105321288,22.21162105321288,19.1,false
1892,22.186309399838777,19.2,19.2,true
1893,22.150846299314246,22.150846299314246,19.2,false
1894,22.212660229824657,22.212660229824657,19.2,false
1895,22.390592937537004,22.390592937537004,19.3,false
1896,22.207450569002287,22.207450569002287,19.4,false
1897,22.211543781861398,22.211543781861398,19.4,false
1898,22.4648678290804,22.4648678290804,19.4,false
1899,22.56337907934772,22.56337907934772,19.4,false
1900,22.528955262482764,22.528955262482764,19.5,false
1901,22.573284184499666,22.573284184499666,19.5,false
1902,22.523240654393458,22.523240654393458,19.6,false
1903,22.61337105423266,22.61337105423266,19.6,false
1904,22.498214648412674,22.498214648412674,19.6,false
1905,22.820736321360936,19.7,19.7,true
1906,22.50607718895127,22.50607718895127,19.7,false
1907,22.73451354136691,22.73451354136691,19.8,false
1908,22.83053822104056,22.83053822104056,19.9,false
1909,22.893188965775693,22.893188965775693,19.9,false
1910,22.8387615203468,22.8387615203468,19.9,false
1911,22.971861875774927,22.971861875774927,19.9,false
1912,22.969313940414384,22.969313940414384,20.0,false
1913,22.96227439420174,22.96227439420174,20.0,false
1914,23.069372357435142,20.0,20.0,true
1915,22.74581470738226,22.74581470738226,20.0,false
1916,23.06035839362199,23.06035839362199,20.0,false
1917,23.003234098490402,23.003234098490402,20.0,false
1918,20.1,20.1,20.1,false
1919,20.1,20.1,20.1,false
1920,20.2,20.2,20.2,false
1921,20.2,20.2,20.2,true
1922,20.2,20.2,20.2,false
1923,20.2,20.2,20.2,false
1924,20.2,20.2,20.2,false
1925,20.3,20.3,20.3,false
1926,20.3,20.3,20.3,true
1927,20.3,20.3,20.3,false
1928,20.3,20.3,20.3,false
1929,20.4,20.4,20.4,false
1930,20.4,20.4,20.4,false
1931,20.4,20.4,20.4,false
1932,20.5,20.5,20.5,false
1933,20.5,20.5,20.5,true
1934,20.6,20.6,20.6,true
1935,20.6,20.6,20.6,false
1936,20.6,20.6,20.6,false
1937,20.6,20.6,20.6,false
1938,20.6,20.6,20.6,false
1939,20.6,20.6,20.6,true
1940,20.6,20.6,20.6,true
1941,20.6,20.6,20.6,false
1942,20.6,20.6,20.6,false
1943,20.6,20.6,20.6,false
1944,20.6,20.6,20.6,false
1945,20.6,20.6,20.6,false
1946,20.6,20.6,20.6,false
1947,20.6,20.6,20.6,false
1948,20.6,20.6,20.6,true
1949,20.6,20.6,20.6,false
1950,20.6,20.6,20.6,false
1951,20.6,20.6,20.6,false
1952,20.6,20.6,20.6,false
1953,20.6,20.6,20.6,false
1954,20.5,20.5,20.5,false
1955,20.5,20.5,20.5,false
1956,20.4,20.4,20.4,true
1957,20.4,20.4,20.4,false
1958,20.4,20.4,20.4,true
1959,20.4,20.4,20.4,false
1960,20.3,20.3,20.3,false
1961,20.3,20.3,20.3,false
1962,20.3,20.3,20.3,false
1963,20.2,20.2,20.2,false
1964,20.2,20.2,20.2,false
1965,20.1,20.1,20.1,false
1966,20.1,20.1,20.1,false
1967,20.1,20.1,20.1,false
1968,20.0,20.0,20.0,true
1969,20.0,20.0,20.0,false
1970,20.0,20.0,20.0,false
1971,20.0,20.0,20.0,false
1972,20.0,20.0,20.0,false
1973,19.8,19.8,19.8,false
1974,19.8,19.8,19.8,false
1975,19.8,19.8,19.8,true
1976,19.8,19.8,19.8,false
1977,19.8,19.8,19.8,false
1978,19.8,19.8,19.8,false
1979,19.8,19.8,19.8,true
1980,19.9,19.9,19.9,false
1981,19.9,19.9,19.9,false
1982,19.9,19.9,19.9,true
1983,20.0,20.0,20.0,false
1984,20.0,20.0,20.0,true
1985,20.0,20.0,20.0,false
1986,20.0,20.0,20.0,true
1987,20.0,20.0,20.0,false
1988,20.1,20.1,20.1,true
1989,20.1,20.1,20.1,false
1990,20.1,20.1,20.1,false
1991,20.1,20.1,20.1,true
1992,20.2,20.2,20.2,false
1993,20.2,20.2,20.2,true
1994,20.2,20.2,20.2,false
1995,20.2,20.2,20.2,false
1996,20.3,20.3,20.3,false
1997,20.3,20.3,20.3,true
1998,20.3,20.3,20.3,false
1999,20.4,20.4,20.4,false
2000,20.5,20.5,20.5,false
2001,20.5,20.5,20.5,false
2002,20.5,20.5,20.5,false
2003,20.6,20.6,20.6,false
2004,20.6,20.6,20.6,false
2005,20.6,20.6,20.6,false
2006,20.6,20.6,20.6,false
2007,20.6,20.6,20.6,false
2008,20.7,20.7,20.7,false
2009,20.7,20.7,20.7,false
2010,20.7,20.7,20.7,false
2011,20.8,20.8,20.8,false
2012,20.8,20.8,20.8,false
2013,20.9,20.9,20.9,true
2014,20.9,20.9,20.9,false
2015,20.9,20.9,20.9,false
2016,20.9,20.9,20.9,false
2017,20.9,20.9,20.9,true
2018,20.9,20.9,20.9,false
2019,20.9,20.9,20.9,false
2020,20.9,20.9,20.9,false
2021,20.9,20.9,20.9,false
2022,20.9,20.9,20.9,true
2023,20.9,20.9,20.9,false
2024,20.9,20.9,20.9,false
2025,21.0,21.0,21.0,false
2026,21.0,21.0,21.0,false
2027,21.0,21.0,21.0,true
2028,21.0,21.0,21.0,true
2029,21.0,21.0,21.0,true
2030,21.0,21.0,21.0,false
2031,21.0,21.0,21.0,false
2032,21.0,21.0,21.0,false
2033,21.0,21.0,21.0,false
2034,21.1,21.1,21.1,false
2035,21.0,21.0,21.0,false
2036,21.0,21.0,21.0,true
2037,21.0,21.0,21.0,true
2038,21.1,21.1,21.1,false
2039,21.1,21.1,21.1,true
2040,21.0,21.0,21.0,false
2041,21.0,21.0,21.0,false
2042,21.1,21.1,21.1,false
2043,21.1,21.1,21.1,true
2044,21.1,21.1,21.1,false
2045,21.1,21.1,21.1,false
2046,21.1,21.1,21.1,false
2047,21.2,21.2,21.2,false
2048,21.2,21.2,21.2,true
2049,21.2,21.2,21.2,false
2050,21.2,21.2,21.2,true
2051,21.1,21.1,21.1,false
2052,21.2,21.2,21.2,false
2053,21.2,21.2,21.2,false
2054,21.2,21.2,21.2,true
2055,21.2,21.2,21.2,false
2056,21.2,21.2,21.2,true
2057,21.2,21.2,21.2,true
2058,21.2,21.2,21.2,false
2059,21.2,21.2,21.2,false
2060,21.2,21.2,21.2,true
2061,21.2,21.2,21.2,true
2062,21.2,21.2,21.2,false
2063,21.2,21.2,21.2,false
2064,21.2,21.2,21.2,false
2065,21.2,21.2,21.2,false
2066,21.2,21.2,21.2,false
2067,21.2,21.2,21.2,false
2068,21.2,21.2,21.2,false
2069,21.2,21.2,21.2,false
2070,21.2,21.2,21.2,true
2071,21.2,21.2,21.2,false
2072,21.2,21.2,21.2,false
2073,21.2,21.2,21.2,false
2074,21.2,21.2,21.2,false
2075,21.3,21.3,21.3,false
2076,21.2,21.2,21.2,false
2077,21.3,21.3,21.3,true
2078,21.3,21.3,21.3,false
2079,21.3,21.3,21.3,true
2080,21.2,21.2,21.2,false
2081,21.2,21.2,21.2,false
2082,21.2,21.2,21.2,true
2083,21.3,21.3,21.3,false
2084,21.3,21.3,21.3,false
2085,21.3,21.3,21.3,false
2086,21.3,21.3,21.3,false
2087,21.3,21.3,21.3,false
2088,21.3,21.3,21.3,false
2089,21.3,21.3,21.3,false
2090,21.3,21.3,21.3,false
2091,21.3,21.3,21.3,false
2092,21.2,21.2,21.2,false
2093,21.3,21.3,21.3,false
2094,21.2,21.2,21.2,false
2095,21.2,21.2,21.2,false
2096,21.1,21.1,21.1,false
2097,21.1,21.1,21.1,false
2098,21.1,21.1,21.1,false
2099,21.1,21.1,21.1,false
2100,21.1,21.1,21.1,false
2101,21.1,21.1,21.1,false
2102,21.1,21.1,21.1,false
2103,21.1,21.1,21.1,false
2104,21.1,21.1,21.1,true
2105,21.2,21.2,21.2,true
2106,21.2,21.2,21.2,false
2107,21.3,21.3,21.3,false
2108,21.3,21.3,21.3,false
2109,21.3,21.3,21.3,false
2110,21.3,21.3,21.3,false
2111,21.3,21.3,21.3,false
2112,21.3,21.3,21.3,false
2113,21.3,21.3,21.3,false
2114,21.3,21.3,21.3,true
2115,21.3,21.3,21.3,false
2116,21.3,21.3,21.3,false
2117,21.3,21.3,21.3,false
2118,21.4,21.4,21.4,false
2119,21.4,21.4,21.4,false
2120,21.3,21.3,21.3,false
2121,21.4,21.4,21.4,true
2122,21.4,21.4,21.4,false
2123,21.4,21.4,21.4,false
2124,21.4,21.4,21.4,false
2125,21.4,21.4,21.4,false
2126,21.4,21.4,21.4,false
2127,21.4,21.4,21.4,false
2128,21.3,21.3,21.3,false
2129,21.3,21.3,21.3,false
2130,21.3,21.3,21.3,false
2131,21.3,21.3,21.3,true
2132,21.3,21.3,21.3,false
2133,21.3,21.3,21.3,true
2134,21.3,21.3,21.3,false
2135,21.3,21.3,21.3,false
2136,21.3,21.3,21.3,false
2137,21.2,21.2,21.2,false
2138,21.2,21.2,21.2,false
2139,21.2,21.2,21.2,false
2140,21.2,21.2,21.2,true
2141,21.2,21.2,21.2,false
2142,21.2,21.2,21.2,true
2143,21.2,21.2,21.2,false
2144,21.1,21.1,21.1,true
2145,21.1,21.1,21.1,false
2146,21.1,21.1,21.1,false
2147,21.0,21.0,21.0,false
2148,21.0,21.0,21.0,false
2149,21.0,21.0,21.0,false
2150,21.0,21.0,21.0,false
2151,21.0,21.0,21.0,true
2152,21.0,21.0,21.0,false
2153,21.0,21.0,21.0,false
2154,21.0,21.0,21.0,false
2155,21.0,21.0,21.0,true
2156,21.0,21.0,21.0,false
2157,21.0,21.0,21.0,false
2158,21.0,21.0,21.0,false
2159,21.0,21.0,21.0,true
2160,20.9,20.9,20.9,false
2161,20.9,20.9,20.9,false
2162,20.9,20.9,20.9,false
2163,20.9,20.9,20.9,false
2164,20.9,20.9,20.9,false
2165,20.9,20.9,20.9,false
2166,20.9,20.9,20.9,false
2167,20.9,20.9,20.9,false
2168,20.9,20.9,20.9,false
2169,20.9,20.9,20.9,false
2170,20.9,20.9,20.9,true
2171,20.9,20.9,20.9,false
2172,20.9,20.9,20.9,false
2173,20.9,20.9,20.9,false
2174,20.9,20.9,20.9,false
2175,20.9,20.9,20.9,false
2176,20.9,20.9,20.9,false
2177,20.9,20.9,20.9,true
2178,20.9,20.9,20.9,false
2179,20.9,20.9,20.9,true
2180,20.9,20.9,20.9,false
2181,20.9,20.9,20.9,false
2182,20.9,20.9,20.9,false
2183,20.9,20.9,20.9,false
2184,20.9,20.9,20.9,false
2185,21.0,21.0,21.0,false
2186,21.0,21.0,21.0,false
2187,21.0,21.0,21.0,false
2188,21.0,21.0,21.0,false
2189,21.1,21.1,21.1,false
2190,21.1,21.1,21.1,false
2191,21.1,21.1,21.1,false
2192,21.1,21.1,21.1,true
2193,21.1,21.1,21.1,true
2194,21.1,21.1,21.1,false
2195,21.1,21.1,21.1,true
2196,21.2,21.2,21.2,false
2197,21.2,21.2,21.2,false
2198,21.2,21.2,21.2,true
2199,21.2,21.2,21.2,false
2200,21.2,21.2,21.2,false
2201,21.2,21.2,21.2,false
2202,21.2,21.2,21.2,false
2203,21.2,21.2,21.2,true
2204,21.2,21.2,21.2,true
2205,21.2,21.2,21.2,false
2206,21.2,21.2,21.2,false
2207,21.2,21.2,21.2,false
2208,21.2,21.2,21.2,false
2209,21.2,21.2,21.2,false
2210,21.2,21.2,21.2,false
2211,21.2,21.2,21.2,false
2212,21.2,21.2,21.2,false
2213,21.2,21.2,21.2,false
2214,21.2,21.2,21.2,true
2215,21.2,21.2,21.2,true
2216,21.2,21.2,21.2,false
2217,21.2,21.2,21.2,true
2218,21.2,21.2,21.2,false
2219,21.3,21.3,21.3,false
2220,21.3,21.3,21.3,false
2221,21.3,21.3,21.3,false
2222,21.3,21.3,21.3,false
2223,21.3,21.3,21.3,true
2224,21.4,21.4,21.4,true
2225,21.4,21.4,21.4,false
2226,21.4,21.4,21.4,false
2227,21.4,21.4,21.4,false
2228,21.4,21.4,21.4,false
2229,21.4,21.4,21.4,false
2230,21.4,21.4,21.4,false
2231,21.4,21.4,21.4,false
2232,21.4,21.4,21.4,false
2233,21.4,21.4,21.4,false
2234,21.4,21.4,21.4,true
2235,21.4,21.4,21.4,true
2236,21.4,21.4,21.4,false
2237,21.4,21.4,21.4,false
2238,21.3,21.3,21.3,true
2239,21.4,21.4,21.4,false
2240,21.4,21.4,21.4,false
2241,21.4,21.4,21.4,false
2242,21.4,21.4,21.4,false
2243,21.4,21.4,21.4,true
2244,21.4,21.4,21.4,false
2245,21.4,21.4,21.4,false
2246,21.4,21.4,21.4,false
2247,21.4,21.4,21.4,false
2248,21.5,21.5,21.5,false
2249,21.5,21.5,21.5,false
2250,21.5,21.5,21.5,false
2251,21.6,21.6,21.6,false
2252,21.6,21.6,21.6,false
2253,21.6,21.6,21.6,true
2254,21.6,21.6,21.6,true
2255,21.6,21.6,21.6,false
2256,21.6,21.6,21.6,false
2257,21.6,21.6,21.6,false
2258,21.6,21.6,21.6,false
2259,21.6,21.6,21.6,false
2260,21.6,21.6,21.6,false
2261,21.6,21.6,21.6,false
2262,21.5,21.5,21.5,false
2263,21.5,21.5,21.5,false
2264,21.5,21.5,21.5,false
2265,21.5,21.5,21.5,false
2266,21.5,21.5,21.5,false
2267,21.5,21.5,21.5,false
2268,21.5,21.5,21.5,false
2269,21.5,21.5,21.5,true
2270,21.5,21.5,21.5,false
2271,21.4,21.4,21.4,false
2272,21.4,21.4,21.4,false
2273,21.4,21.4,21.4,false
2274,21.4,21.4,21.4,true
2275,21.4,21.4,21.4,false
2276,21.3,21.3,21.3,false
2277,21.3,21.3,21.3,true
2278,21.3,21.3,21.3,false
2279,21.3,21.3,21.3,false
2280,21.2,21.2,21.2,false
2281,21.2,21.2,21.2,false
2282,21.2,21.2,21.2,false
2283,21.1,21.1,21.1,true
2284,21.1,21.1,21.1,true
2285,21.0,21.0,21.0,false
2286,20.9,20.9,20.9,false
2287,20.9,20.9,20.9,false
2288,20.9,20.9,20.9,false
2289,20.9,20.9,20.9,false
2290,20.9,20.9,20.9,true
2291,20.9,20.9,20.9,true
2292,20.9,20.9,20.9,false
2293,21.0,21.0,21.0,false
2294,21.0,21.0,21.0,false
2295,21.0,21.0,21.0,false
2296,21.1,21.1,21.1,false
2297,21.1,21.1,21.1,false
2298,21.2,21.2,21.2,false
2299,21.2,21.2,21.2,false
2300,21.3,21.3,21.3,false
2301,21.3,21.3,21.3,false
2302,21.4,21.4,21.4,false
2303,21.4,21.4,21.4,false
2304,21.4,21.4,21.4,false
2305,21.4,21.4,21.4,false
2306,21.4,21.4,21.4,false
2307,21.4,21.4,21.4,false
2308,21.4,21.4,21.4,false
2309,21.4,21.4,21.4,false
2310,21.4,21.4,21.4,false
2311,21.3,21.3,21.3,false
2312,21.3,21.3,21.3,false
2313,21.3,21.3,21.3,false
2314,21.2,21.2,21.2,false
2315,21.2,21.2,21.2,false
2316,21.2,21.2,21.2,false
2317,21.1,21.1,21.1,true
2318,21.1,21.1,21.1,false
2319,21.1,21.1,21.1,false
2320,21.1,21.1,21.1,false
2321,21.1,21.1,21.1,false
2322,21.1,21.1,21.1,false
2323,21.1,21.1,21.1,false
2324,21.1,21.1,21.1,true
2325,21.1,21.1,21.1,false
2326,21.1,21.1,21.1,false
2327,21.0,21.0,21.0,false
2328,21.0,21.0,21.0,true
2329,21.0,21.0,21.0,false
2330,21.0,21.0,21.0,false
2331,21.0,21.0,21.0,false
2332,20.9,20.9,20.9,false
2333,20.9,20.9,20.9,false
2334,20.9,20.9,20.9,false
2335,20.9,20.9,20.9,false
2336,20.9,20.9,20.9,false
2337,20.9,20.9,20.9,false
2338,20.9,20.9,20.9,false
2339,20.9,20.9,20.9,false
2340,20.9,20.9,20.9,false
2341,20.9,20.9,20.9,false
2342,20.9,20.9,20.9,false
2343,20.9,20.9,20.9,false
2344,20.9,20.9,20.9,false
2345,20.9,20.9,20.9,false
2346,20.9,20.9,20.9,true
2347,20.8,20.8,20.8,false
2348,20.7,20.7,20.7,false
2349,20.8,20.8,20.8,false
2350,20.7,20.7,20.7,false
2351,20.7,20.7,20.7,false
2352,20.7,20.7,20.7,false
2353,20.7,20.7,20.7,false
2354,20.7,20.7,20.7,false
2355,20.7,20.7,20.7,true
2356,20.7,20.7,20.7,true
2357,20.7,20.7,20.7,false
2358,20.7,20.7,20.7,true
2359,20.7,20.7,20.7,false
2360,20.7,20.7,20.7,false
2361,20.7,20.7,20.7,true
2362,20.6,20.6,20.6,false
2363,20.6,20.6,20.6,true
2364,20.6,20.6,20.6,false
2365,20.6,20.6,20.6,false
2366,20.6,20.6,20.6,false
2367,20.6,20.6,20.6,true
2368,20.5,20.5,20.5,true
2369,20.5,20.5,20.5,false
2370,20.5,20.5,20.5,false
2371,20.5,20.5,20.5,false
2372,20.5,20.5,20.5,false
2373,20.4,20.4,20.4,false
2374,20.4,20.4,20.4,true
2375,20.4,20.4,20.4,true
2376,20.4,20.4,20.4,false
2377,20.4,20.4,20.4,true
2378,20.4,20.4,20.4,false
2379,20.4,20.4,20.4,true
2380,20.3,20.3,20.3,false
2381,20.4,20.4,20.4,false
2382,20.3,20.3,20.3,false
2383,20.3,20.3,20.3,false
2384,20.3,20.3,20.3,false
2385,20.3,20.3,20.3,false
2386,20.3,20.3,20.3,false
2387,20.3,20.3,20.3,false
2388,20.3,20.3,20.3,false
2389,20.3,20.3,20.3,true
2390,20.3,20.3,20.3,false
2391,20.3,20.3,20.3,false
2392,20.2,20.2,20.2,false
2393,20.2,20.2,20.2,false
2394,20.3,20.3,20.3,false
2395,20.2,20.2,20.2,false
2396,20.2,20.2,20.2,false
2397,20.2,20.2,20.2,false
2398,20.2,20.2,20.2,false
2399,20.2,20.2,20.2,false
2400,20.2,20.2,20.2,false
2401,20.2,20.2,20.2,false
2402,20.2,20.2,20.2,false
2403,20.2,20.2,20.2,false
2404,20.2,20.2,20.2,false
2405,20.2,20.2,20.2,false
2406,20.2,20.2,20.2,false
2407,20.2,20.2,20.2,true
2408,20.2,20.2,20.2,false
2409,20.2,20.2,20.2,true
2410,20.1,20.1,20.1,false
2411,20.1,20.1,20.1,false
2412,20.1,20.1,20.1,false
2413,20.1,20.1,20.1,false
2414,20.1,20.1,20.1,false
2415,20.1,20.1,20.1,false
2416,20.1,20.1,20.1,true
2417,20.1,20.1,20.1,false
2418,20.0,20.0,20.0,false
2419,20.0,20.0,20.0,false
2420,20.0,20.0,20.0,false
2421,20.0,20.0,20.0,false
2422,20.0,20.0,20.0,false
2423,20.0,20.0,20.0,false
2424,20.0,20.0,20.0,false
2425,20.0,20.0,20.0,false
2426,20.0,20.0,20.0,false
2427,20.0,20.0,20.0,false
2428,20.0,20.0,20.0,false
2429,20.0,20.0,20.0,true
2430,20.0,20.0,20.0,false
2431,20.0,20.0,20.0,false
2432,20.0,20.0,20.0,false
2433,20.0,20.0,20.0,false
2434,20.0,20.0,20.0,true
2435,20.0,20.0,20.0,false
2436,20.0,20.0,20.0,true
2437,20.0,20.0,20.0,false
2438,20.0,20.0,20.0,false
2439,20.0,20.0,20.0,false
2440,20.0,20.0,20.0,false
2441,20.0,20.0,20.0,false
2442,20.0,20.0,20.0,false
2443,20.0,20.0,20.0,false
2444,20.0,20.0,20.0,false
2445,20.0,20.0,20.0,true
2446,20.0,20.0,20.0,false
2447,19.9,19.9,19.9,true
2448,19.9,19.9,19.9,false
2449,19.9,19.9,19.9,false
2450,19.9,19.9,19.9,false
2451,19.9,19.9,19.9,false
2452,19.9,19.9,19.9,false
2453,19.9,19.9,19.9,false
2454,19.9,19.9,19.9,false
2455,19.9,19.9,19.9,false
2456,19.9,19.9,19.9,false
